8 10
202,130,240 105,42,232 108,66,179 133,242,227 99,224,122 160,81,75 78,0,20 222,57,98
110,249,53 222,236,229 74,196,2 82,104,123 212,131,103 164,154,186 114,4,106 116,239,78
212,107,71 51,171,144 2,143,61 193,158,23 240,159,217 240,143,207 111,103,54 49,125,197
13,106,170 196,244,227 6,155,241 68,170,158 159,126,226 220,17,101 148,183,234 186,147,181
224,210,27 89,217,199 185,37,101 97,146,53 32,71,38 116,20,32 49,197,155 172,136,226
111,235,215 49,201,5 133,201,74 5,13,105 122,254,248 125,206,36 13,156,56 200,81,189
131,50,131 77,154,163 252,101,251 189,9,3 59,165,188 128,36,196 252,233,45 191,20,14
184,200,22 132,184,218 140,188,200 41,18,18 77,77,185 181,200,217 21,244,76 60,170,197
229,141,85 119,160,160 166,140,118 207,117,89 234,32,62 76,4,23 157,176,39 143,117,185
95,132,141 163,87,63 225,90,92 50,170,51 151,112,167 208,190,63 1,19,217 130,245,158