60 40
19,131,250 37,245,122 176,112,103 20,141,35 32,12,84 16,224,6 0,39,92 13,171,136 4,253,240 237,180,220 72,241,252 74,166,60 61,86,122 35,8,170 31,37,93 126,131,59 210,42,160 145,27,219 191,53,212 75,3,236 15,42,190 212,63,169 71,129,218 93,26,4 255,72,140 26,35,20 175,55,211 88,195,35 74,140,78 183,210,119 240,186,205 69,208,248 137,210,9 64,78,1 22,88,129 204,127,246 22,75,121 48,49,189 162,3,216 148,63,155 244,125,181 110,113,69 71,56,177 129,122,195 227,32,177 185,40,77 175,196,111 99,141,166 246,105,159 118,61,179 213,56,58 203,248,55 122,98,107 19,115,253 245,70,231 170,124,80 83,38,122 31,155,5 129,33,150 225,38,123
50,193,133 161,119,114 220,185,62 166,155,251 78,220,211 95,231,238 37,22,187 36,63,241 163,99,52 245,237,124 19,249,224 56,245,42 109,163,234 168,229,161 112,240,207 219,209,2 106,247,178 243,113,81 12,124,3 12,148,95 209,95,28 112,218,222 218,141,39 54,2,166 48,156,100 52,213,161 252,161,158 198,163,4 121,36,42 165,84,245 173,217,20 64,203,71 178,90,148 219,204,111 107,12,229 148,10,216 137,117,137 68,34,127 5,11,94 219,177,241 237,249,15 225,26,32 206,75,53 112,247,55 139,253,73 218,149,193 203,74,243 15,77,116 106,104,175 8,92,150 39,227,235 19,170,243 45,51,19 50,48,84 75,53,147 139,7,157 161,149,32 126,236,42 159,71,89 70,47,203
97,72,58 201,235,143 25,15,180 87,16,107 89,92,72 27,15,220 67,5,24 5,136,168 213,186,114 205,206,88 139,72,180 156,166,37 221,66,54 83,161,137 163,24,130 125,177,201 224,134,181 225,228,166 178,28,9 124,198,222 141,76,207 252,47,33 55,88,28 69,176,47 69,12,132 82,72,2 208,32,201 241,71,6 182,101,149 104,113,145 239,97,127 144,156,243 144,103,21 137,0,195 60,220,82 223,180,156 205,242,199 55,91,157 122,17,196 126,100,210 93,248,126 89,121,66 247,18,226 88,231,136 57,175,215 176,237,155 147,9,85 227,173,117 175,78,81 176,196,78 25,105,9 137,69,152 138,42,71 213,103,75 38,20,0 20,111,82 138,107,169 109,239,114 252,43,137 5,225,220
203,134,141 0,37,108 160,18,204 211,223,247 57,44,94 116,165,110 156,136,133 81,192,6 215,161,218 83,27,243 214,158,171 155,248,95 76,18,57 189,194,122 61,111,218 174,130,108 186,126,219 145,175,76 17,32,100 110,157,250 16,71,34 153,99,1 245,141,46 84,1,195 144,90,111 18,39,60 71,200,96 206,18,202 139,34,51 78,115,245 49,1,128 42,90,90 89,226,133 62,179,61 83,112,233 252,191,169 143,146,46 33,166,12 100,221,247 91,144,177 176,164,150 247,129,82 12,119,46 218,137,165 145,187,171 247,233,176 241,196,223 149,114,234 22,54,135 28,153,224 86,43,7 146,175,234 160,6,156 187,78,58 142,2,232 117,152,224 200,253,179 9,100,209 186,143,124 5,32,194
158,52,143 136,195,30 94,207,134 169,253,134 112,29,98 157,216,90 137,22,85 229,127,199 49,57,106 86,11,4 121,155,52 27,90,232 180,88,23 133,47,49 61,203,37 67,138,56 177,226,66 126,162,97 57,79,197 21,80,188 153,249,146 70,224,40 26,137,133 75,42,30 209,192,147 212,74,26 113,247,249 187,72,128 19,230,158 95,168,170 82,117,161 112,148,100 116,72,222 3,180,69 219,181,91 34,153,31 38,71,248 128,168,58 207,47,247 100,106,8 37,243,119 107,62,169 24,137,97 102,117,247 14,127,23 151,247,81 93,152,228 227,48,187 238,4,159 227,6,59 210,84,96 199,14,11 105,175,164 1,116,122 124,229,152 5,55,163 210,165,242 64,104,183 181,194,91 247,43,107
254,27,52 176,104,65 58,91,78 175,104,206 209,33,69 175,170,176 204,173,25 66,88,224 244,167,220 183,56,146 37,2,133 168,207,247 120,24,42 216,36,7 6,37,71 168,28,157 14,102,185 34,65,131 202,108,166 222,124,251 237,165,12 14,198,32 159,129,169 186,127,12 103,83,208 64,219,244 75,135,24 154,53,2 100,227,174 230,18,213 200,236,150 59,141,27 116,31,104 54,121,243 75,142,71 64,55,40 136,30,215 244,150,128 66,37,134 151,171,103 54,168,16 30,156,106 244,165,210 150,155,112 112,176,25 96,231,88 241,70,206 229,214,58 59,122,46 162,76,171 70,183,75 249,199,138 24,110,17 225,195,101 15,36,61 106,186,245 227,254,106 4,5,242 83,201,89 39,100,252
12,92,216 91,222,24 147,251,226 207,149,107 41,223,54 213,70,222 70,47,207 84,36,86 244,125,174 227,143,184 173,143,255 111,30,56 184,244,65 220,31,98 122,76,194 3,146,97 161,138,55 201,154,186 7,6,110 199,224,191 115,200,181 145,186,190 119,254,102 178,36,124 97,168,86 61,197,4 176,154,143 151,174,40 221,217,70 117,126,63 114,174,79 224,45,246 37,207,244 151,211,37 108,91,89 211,62,42 103,93,139 9,40,38 76,165,219 226,12,121 26,237,169 11,5,221 215,199,225 99,174,104 114,204,189 118,223,105 87,116,223 154,206,133 120,96,112 209,74,175 43,218,191 43,241,27 225,186,158 123,113,87 145,201,149 78,46,97 55,135,179 77,91,39 213,182,140 130,75,147
10,8,224 226,156,217 20,252,136 102,110,180 233,6,131 239,223,99 185,88,246 138,249,27 234,243,110 147,103,226 226,132,98 97,134,187 238,229,161 131,87,147 102,235,196 237,169,136 121,90,93 35,74,79 105,155,94 247,217,134 46,68,8 228,233,230 115,122,19 154,151,129 188,99,204 74,252,127 197,165,131 147,74,25 95,28,185 163,197,201 91,248,23 246,206,56 50,26,158 36,118,102 187,199,5 54,85,190 61,6,138 48,160,51 61,199,100 122,231,80 117,55,172 131,160,171 255,88,234 199,171,100 9,189,160 33,222,9 178,158,107 245,63,69 144,163,181 215,218,38 228,232,145 208,82,78 112,134,202 79,28,44 91,71,151 85,39,134 69,54,229 128,107,158 118,48,3 90,63,81
150,236,179 138,219,183 11,14,25 222,133,66 196,90,74 52,139,145 196,80,48 39,60,165 57,64,251 109,225,23 204,61,22 114,31,175 178,213,107 130,26,252 180,32,127 23,127,237 234,121,155 210,144,138 219,64,253 119,204,164 204,245,150 48,55,16 141,195,71 208,122,73 19,232,192 199,236,177 82,44,102 39,84,75 66,93,171 240,106,237 253,251,110 180,183,196 134,243,168 28,140,111 4,124,104 57,208,204 157,79,32 63,186,134 167,215,134 154,16,222 21,153,233 180,25,225 231,134,150 1,207,223 197,176,7 77,121,169 109,57,137 81,194,255 152,21,244 101,23,185 48,248,18 227,213,111 1,175,106 166,20,224 192,117,110 252,60,198 62,232,192 231,207,37 76,204,49 227,179,148
139,46,221 164,174,130 63,93,152 22,48,207 190,5,177 251,137,65 200,201,80 5,33,161 137,104,160 32,19,129 190,157,184 9,215,196 79,73,159 210,66,176 245,116,134 132,196,19 35,175,200 211,140,17 20,76,138 87,13,225 94,115,242 227,143,224 103,209,252 89,50,58 39,50,59 78,149,108 182,116,53 32,109,5 31,59,87 155,93,43 157,145,224 190,187,197 246,123,160 140,6,57 231,163,3 85,76,199 101,28,213 77,56,125 27,234,97 165,94,118 211,111,148 5,156,172 116,42,234 158,6,162 46,80,255 166,95,156 149,108,240 240,56,12 108,145,239 46,33,49 164,114,127 88,96,37 225,191,146 51,41,184 219,135,239 94,74,30 148,163,99 207,91,245 60,40,228 14,252,105
179,124,17 252,114,200 107,248,107 106,153,35 102,147,144 67,45,212 115,249,123 48,151,40 234,25,105 209,236,233 20,170,121 16,64,151 119,97,46 94,40,183 169,166,167 254,250,218 73,69,78 113,149,61 165,245,206 111,227,125 17,155,178 82,166,231 115,177,65 218,233,212 160,174,99 41,177,248 88,93,229 147,4,27 159,144,108 213,86,159 180,119,6 154,22,64 244,194,64 36,225,37 164,76,87 149,153,156 193,216,248 87,229,129 46,205,73 2,79,36 156,56,223 28,239,74 167,152,81 109,198,55 207,54,3 235,26,181 3,178,8 5,67,65 132,83,49 68,132,29 196,75,38 183,117,123 147,227,138 130,136,213 7,89,226 199,233,240 183,232,239 77,193,224 125,118,222 6,115,5
240,21,129 187,137,201 42,111,97 133,71,22 34,95,51 52,142,222 24,24,237 19,31,50 1,202,83 148,200,74 147,77,187 29,16,229 92,87,155 187,104,183 0,155,44 172,245,134 69,127,52 2,217,38 89,197,6 79,118,219 123,128,173 236,242,63 20,52,80 100,218,113 148,36,57 154,186,225 38,235,12 189,166,125 145,69,39 28,162,18 67,169,180 68,162,164 253,1,118 130,151,18 51,171,192 89,234,194 149,125,58 22,106,254 81,209,92 170,175,60 235,29,90 250,210,109 147,202,186 101,48,22 120,25,175 5,97,50 251,235,89 37,255,64 215,77,115 118,58,230 9,218,42 238,43,184 170,129,105 48,87,240 185,94,85 230,72,181 237,126,228 117,134,7 128,234,234 214,33,119
69,25,22 72,169,183 76,180,17 113,116,109 11,240,24 119,195,39 172,154,152 43,86,68 186,254,225 232,246,238 194,89,245 10,129,171 195,219,164 195,91,214 41,225,117 43,168,226 181,160,244 171,58,22 226,244,169 146,173,150 85,235,73 28,8,115 179,86,230 228,146,234 242,158,90 96,248,2 7,51,159 152,120,4 50,173,155 86,5,144 4,49,52 45,207,239 113,198,190 175,166,35 154,142,215 174,88,226 27,221,205 188,190,226 17,202,98 0,170,42 60,14,27 46,95,212 147,62,30 171,49,26 7,37,227 234,42,194 201,56,82 213,175,124 44,155,215 110,217,240 68,14,22 137,88,255 19,219,15 129,146,245 77,211,122 28,119,247 21,137,112 118,61,175 242,98,255 181,224,132
90,59,129 191,171,217 128,202,205 208,105,252 110,61,214 205,144,178 188,202,125 39,24,124 226,110,63 57,50,171 94,207,219 227,121,116 105,58,135 191,203,154 96,92,245 221,20,168 91,177,178 63,91,164 103,228,159 187,4,72 138,210,220 226,237,198 43,200,247 33,247,254 182,36,77 159,38,72 135,93,139 96,85,215 89,224,142 87,63,253 34,141,132 72,179,110 125,222,199 65,109,227 37,221,1 149,128,162 243,5,125 234,133,235 107,35,20 48,150,84 161,228,28 170,242,6 101,205,75 107,84,115 50,103,230 81,222,203 217,55,242 51,126,113 51,80,90 77,119,227 148,201,126 46,14,76 172,232,220 160,10,112 132,54,163 116,65,75 107,240,187 166,6,238 63,64,255 109,244,179
49,27,204 130,131,118 127,62,24 165,204,178 186,173,59 24,195,84 201,164,70 103,208,21 77,254,101 2,216,92 203,26,54 229,133,88 79,45,164 179,40,8 154,189,187 9,111,132 211,78,180 182,200,105 187,222,218 170,116,90 14,232,12 152,217,52 52,46,71 147,31,161 226,219,62 217,146,56 81,227,205 161,69,41 253,117,185 97,73,248 96,150,255 244,197,4 209,214,243 16,51,164 132,54,111 182,116,144 170,101,244 48,149,248 168,237,111 27,75,15 223,124,104 237,101,164 236,62,47 182,214,57 121,248,170 218,152,183 64,137,171 122,70,132 218,10,60 72,144,110 54,163,101 1,60,242 154,148,151 114,206,166 173,135,231 70,161,15 179,255,57 142,112,9 121,201,9 242,110,64
14,138,14 102,209,132 129,209,222 157,188,133 70,61,189 244,223,173 61,231,127 244,87,114 38,34,93 13,167,5 69,248,95 191,88,141 103,225,28 215,146,182 36,101,212 232,211,108 77,186,120 220,135,119 188,182,250 79,39,245 114,185,101 13,69,44 167,235,98 205,199,92 48,29,159 40,46,191 53,206,41 45,123,32 57,89,93 85,17,105 72,42,89 153,52,242 86,213,236 115,81,147 244,102,129 114,229,1 96,133,154 93,143,89 131,58,236 176,83,209 23,254,88 178,16,34 82,225,224 204,125,132 137,182,235 80,108,201 82,203,221 118,212,112 10,209,217 248,107,252 132,74,181 64,194,168 145,24,232 225,6,52 217,44,236 79,177,67 242,29,81 48,165,17 246,136,22 186,144,135
25,191,228 133,18,171 202,234,84 113,184,144 116,68,143 197,60,192 54,20,201 213,15,46 176,58,152 3,66,159 55,2,97 100,84,11 131,199,128 136,30,211 2,32,173 8,167,31 124,249,90 28,55,13 83,239,137 246,162,130 198,64,151 149,183,172 76,11,162 183,201,49 25,141,248 62,228,169 52,43,106 156,145,145 100,138,183 122,11,51 43,143,195 229,17,176 117,42,194 243,126,240 227,248,118 67,158,11 132,142,104 203,246,34 252,183,29 89,87,191 108,130,115 129,139,49 118,156,177 16,152,26 132,26,157 61,208,131 27,128,179 61,255,28 168,193,39 175,70,143 79,14,151 16,65,129 75,132,102 106,142,44 95,11,134 78,233,98 186,246,208 243,224,107 44,2,239 81,9,244
36,227,127 132,253,229 3,158,205 23,140,190 100,196,188 252,152,55 32,64,102 90,134,187 250,85,192 188,180,177 151,240,225 181,186,87 119,221,40 232,76,180 215,35,151 22,64,64 61,31,75 140,78,106 162,116,59 82,232,225 83,232,38 66,141,242 63,61,97 110,33,109 94,253,36 81,29,58 127,197,253 81,198,236 97,7,48 177,165,76 55,199,16 126,2,182 200,12,27 11,237,22 117,6,194 237,5,2 205,116,13 187,209,117 23,220,18 94,154,215 240,169,111 15,223,3 5,62,89 231,164,172 169,84,165 81,216,151 93,59,182 226,108,179 103,64,232 60,69,168 25,10,46 119,101,188 211,26,142 160,84,97 220,59,94 77,112,159 252,20,247 190,90,254 194,65,156 120,75,42
192,223,128 103,71,23 29,118,244 16,160,89 18,10,225 0,232,95 161,145,248 154,118,234 227,166,176 95,167,15 91,13,137 180,29,170 209,68,13 103,11,64 16,145,15 189,171,35 41,235,117 242,142,136 197,8,23 221,82,223 250,223,173 27,113,253 69,43,211 26,50,71 71,93,128 173,246,199 140,243,19 195,75,29 161,75,24 178,143,3 221,14,192 8,104,56 200,199,34 205,127,206 248,47,240 52,112,88 66,46,47 133,138,114 152,221,242 31,3,194 244,69,46 219,218,57 218,100,196 206,163,51 127,151,12 10,74,154 178,107,192 167,189,44 88,4,14 206,107,80 52,153,222 120,90,185 66,229,238 150,209,225 197,169,98 56,67,252 68,218,134 77,237,65 135,184,47 188,231,170
81,149,198 68,241,201 74,239,39 128,231,84 36,57,221 180,218,50 241,158,226 15,5,191 63,138,122 224,185,80 42,171,6 133,118,231 187,29,119 157,57,136 34,187,243 151,192,96 75,46,26 6,63,218 236,245,145 132,212,96 236,216,242 76,24,184 218,43,59 234,104,84 128,2,244 140,5,143 190,213,128 17,110,71 16,36,169 70,160,167 169,24,37 166,238,98 172,193,161 193,45,254 247,173,91 88,167,56 4,134,131 150,8,76 123,151,202 71,234,80 232,247,85 94,197,136 253,70,43 169,111,136 69,144,40 49,251,123 31,206,202 51,45,80 171,254,248 109,181,243 32,43,246 37,82,36 39,172,12 179,184,99 167,110,105 42,167,253 225,104,91 102,121,169 181,34,187 128,235,108
83,52,56 6,221,19 254,14,36 243,31,51 17,250,173 61,4,36 215,254,132 72,79,209 72,46,120 211,223,80 199,221,200 68,114,136 184,136,24 39,177,44 51,82,168 218,255,88 242,54,207 167,120,80 146,76,226 124,140,114 13,181,138 68,53,57 147,245,49 76,38,255 80,141,174 73,113,0 68,158,193 110,161,74 175,50,59 118,193,240 93,146,233 231,63,169 66,91,110 87,220,135 202,142,64 243,246,160 57,195,165 109,215,34 247,69,62 162,140,140 123,110,160 114,124,26 22,34,36 177,237,107 206,19,193 152,129,130 206,213,86 24,125,46 194,3,175 199,119,126 246,51,187 37,15,150 27,200,142 62,123,88 42,243,80 170,168,173 108,244,57 158,101,123 89,45,128 112,248,18
86,139,241 207,126,149 197,107,200 168,187,143 232,27,19 75,199,185 165,65,157 120,21,55 120,192,222 127,114,72 203,175,85 243,142,60 49,31,43 9,82,225 254,42,188 176,0,68 72,96,150 8,122,215 115,88,151 10,244,213 103,206,22 34,103,191 172,145,12 74,217,56 43,171,222 212,252,29 56,88,88 229,21,126 168,148,45 33,120,240 125,176,213 31,229,49 161,30,54 149,212,59 210,66,115 167,116,129 9,18,92 22,144,66 158,228,87 201,171,60 209,73,2 48,32,103 31,62,157 87,181,198 224,76,11 189,87,55 98,67,131 64,233,34 29,29,123 12,129,104 96,140,11 209,230,125 48,57,181 73,109,117 119,70,26 11,148,53 187,152,50 143,152,235 232,132,117 34,217,220
12,215,68 97,182,137 140,57,144 47,129,53 118,97,255 119,153,69 36,168,33 14,63,84 184,191,78 214,146,218 172,75,33 175,151,214 231,81,153 111,123,36 57,153,64 227,127,216 223,11,57 233,39,100 241,88,48 159,197,100 243,153,157 193,123,189 191,157,253 32,88,145 56,233,29 5,180,250 28,137,146 113,152,37 66,183,255 192,71,157 13,248,34 183,11,200 238,13,34 19,27,90 20,18,46 131,23,62 16,191,138 252,176,249 214,235,232 211,151,212 132,249,36 146,134,40 141,102,88 143,251,117 55,204,101 7,104,21 139,31,147 236,198,83 241,51,250 76,243,216 163,62,12 133,76,65 250,49,135 169,162,103 56,114,47 150,240,68 141,76,174 227,59,61 187,151,234 64,148,75
51,153,225 234,146,43 69,163,74 52,134,130 1,79,148 10,254,42 18,52,230 19,241,57 10,160,187 249,92,173 69,9,37 151,132,1 77,74,43 231,193,25 110,42,250 72,178,241 119,210,233 4,84,132 20,56,25 8,12,82 39,93,177 103,34,157 48,185,195 63,211,249 168,105,54 159,171,137 0,190,3 85,58,150 233,205,108 208,230,224 32,136,83 99,95,215 211,181,156 122,126,132 73,226,155 112,160,114 168,65,12 57,144,199 198,12,150 19,170,172 46,239,238 206,153,235 19,184,114 112,115,80 236,112,6 191,161,250 163,120,234 137,20,92 219,228,23 231,208,70 184,161,19 167,60,236 185,82,193 245,246,62 105,199,160 15,105,60 2,154,2 220,181,17 219,218,111 238,110,144
71,250,50 193,124,69 8,138,207 98,215,113 12,60,239 150,37,228 211,174,11 177,226,232 110,72,20 140,135,189 9,67,240 196,65,26 196,249,18 245,105,106 0,224,161 151,230,121 22,85,220 116,126,100 34,125,235 189,213,5 162,145,222 110,120,89 27,9,22 90,249,250 34,117,187 54,242,96 87,27,209 245,65,132 132,221,124 124,176,203 144,63,11 97,161,118 130,117,147 204,156,212 205,207,161 12,236,126 52,155,176 198,16,8 61,154,207 63,117,25 116,157,193 165,106,10 85,178,157 89,23,12 104,172,235 187,63,11 103,168,215 46,49,95 240,178,250 180,241,249 218,162,249 55,18,109 9,104,43 22,226,67 88,224,16 179,164,141 72,198,97 17,216,3 65,189,156 134,112,93
96,247,37 141,102,153 30,75,174 54,222,50 250,231,105 15,24,170 112,90,36 57,232,223 67,40,173 42,236,167 179,187,68 182,190,223 50,63,217 133,152,125 189,207,29 26,241,26 64,17,77 203,49,61 8,176,100 255,172,165 113,240,154 112,183,249 122,236,82 149,87,0 41,66,43 14,154,192 209,179,238 76,191,217 206,7,222 224,235,61 214,230,241 53,201,67 4,99,172 94,121,13 10,116,210 210,193,244 72,103,34 187,136,39 78,217,163 205,241,145 150,254,86 17,217,129 123,83,246 97,73,153 106,109,38 185,62,22 179,229,228 207,144,102 194,7,12 139,81,8 106,227,59 116,183,254 133,134,86 4,141,200 112,40,215 243,156,191 28,207,80 103,242,9 237,225,213 156,132,238
34,98,110 248,208,43 75,19,211 172,104,38 178,63,21 232,94,200 224,176,142 249,231,14 31,28,100 92,183,6 143,62,168 216,213,4 40,132,184 48,207,95 131,219,176 221,129,194 98,72,214 75,31,30 176,157,169 107,110,4 87,205,201 170,83,11 11,13,55 203,173,86 115,51,237 166,118,161 71,96,118 218,27,68 234,154,96 114,201,151 153,207,112 26,141,107 7,114,10 54,168,203 22,128,249 194,28,105 31,15,59 247,219,8 108,149,201 76,208,38 90,146,141 188,140,209 26,224,149 213,91,194 9,181,11 45,243,96 175,103,183 72,143,25 115,198,246 5,111,221 12,63,22 11,173,11 172,113,219 75,40,7 226,55,87 154,197,136 33,141,107 77,93,224 143,236,128 145,82,189
140,68,174 82,108,52 155,158,195 126,37,244 54,175,113 161,172,106 250,228,239 192,121,147 186,49,91 120,64,18 10,11,140 26,26,199 38,237,175 217,253,154 43,7,228 5,186,137 64,79,112 209,216,168 232,115,8 74,43,227 55,91,126 189,204,180 162,231,21 119,106,170 90,205,54 190,82,29 158,118,204 74,46,80 195,2,182 82,33,141 192,51,79 48,7,171 241,80,164 195,116,7 142,24,101 248,61,97 238,191,8 251,19,139 232,36,216 133,224,96 216,59,245 223,19,39 47,33,86 82,84,154 86,49,34 146,36,28 85,8,112 59,138,1 129,198,142 206,206,245 178,219,85 148,125,31 244,57,133 61,147,216 203,96,135 231,110,30 94,142,163 130,163,120 149,19,104 28,44,173
2,1,169 82,240,9 69,252,103 70,45,73 202,210,94 35,147,152 22,255,104 49,21,241 95,193,233 181,91,181 113,214,36 231,198,212 31,24,36 45,25,82 59,207,26 136,166,68 135,239,123 200,22,159 41,143,82 204,121,67 159,90,148 159,74,43 100,83,48 151,78,22 251,201,37 238,64,195 178,114,165 131,112,8 103,35,102 117,104,116 152,223,73 103,52,177 23,98,22 103,41,234 142,123,31 207,164,237 233,206,14 58,199,171 43,84,35 235,63,255 251,222,245 224,237,119 47,233,249 152,200,64 20,18,71 88,253,10 57,63,133 164,233,176 62,14,161 188,104,75 86,82,86 177,170,15 21,225,47 80,67,35 254,42,151 65,206,38 73,27,194 15,253,214 237,66,164 46,176,109
143,199,254 0,102,130 249,95,62 205,246,66 54,226,79 61,248,168 50,56,8 102,111,27 1,10,11 107,7,15 240,90,81 167,229,73 150,68,47 68,209,36 125,99,118 123,13,91 239,19,218 212,134,34 18,236,223 18,177,90 46,210,205 169,41,133 136,122,30 231,68,2 39,135,240 29,16,231 176,240,111 47,22,171 166,229,7 125,96,236 216,232,76 150,42,117 218,90,141 60,97,146 21,199,247 174,97,195 68,30,1 126,236,48 225,36,204 227,61,125 155,233,224 10,36,153 220,159,112 17,6,172 116,176,205 1,147,200 109,65,133 224,97,65 146,65,28 88,26,171 113,126,181 11,58,243 26,250,101 232,80,3 64,100,109 109,147,135 98,222,204 242,73,201 215,57,178 252,157,204
54,229,120 42,144,104 119,101,0 157,65,190 109,140,231 128,90,96 69,38,31 93,51,89 241,183,242 137,32,61 207,118,181 194,211,38 182,16,66 8,76,23 218,147,114 68,27,249 118,123,134 29,107,15 252,63,145 64,93,44 115,37,237 207,103,238 168,44,130 192,191,105 28,14,253 105,249,156 216,224,67 52,17,144 238,113,221 136,220,232 62,173,88 223,138,126 91,181,237 158,54,26 98,197,6 163,167,25 215,147,152 222,147,171 171,213,16 37,113,255 21,224,83 85,241,212 9,182,160 187,204,240 218,14,202 14,198,240 46,162,93 76,47,23 246,30,56 123,6,8 253,187,230 198,239,164 153,140,137 93,88,234 3,180,13 216,169,90 20,167,56 191,84,218 128,83,189 237,49,137
32,71,7 172,175,210 147,223,162 75,121,143 163,46,159 44,213,101 197,62,157 38,29,52 226,145,146 29,196,226 52,24,49 89,114,154 229,214,28 100,214,199 83,81,65 221,106,41 225,79,53 181,208,247 29,237,179 186,173,158 74,235,26 187,229,36 179,4,105 245,84,223 37,50,88 82,229,147 138,248,163 198,225,183 168,223,79 177,229,128 24,62,37 84,204,235 161,45,157 181,61,222 56,59,218 213,71,190 124,66,209 97,173,0 92,104,194 127,184,51 103,62,214 191,206,59 96,87,183 182,211,131 196,85,6 3,175,124 32,37,28 231,62,7 191,101,236 71,71,60 126,253,209 228,126,228 240,123,210 43,190,142 12,111,10 100,133,59 167,18,137 91,10,201 2,39,61 222,58,75
132,229,117 221,21,89 243,166,228 74,177,82 121,236,232 152,178,36 79,131,245 162,228,221 95,116,146 163,105,170 217,231,167 223,24,75 129,239,14 125,45,212 68,150,211 173,19,158 202,173,114 189,156,68 149,251,217 19,157,182 31,66,27 198,149,173 122,53,253 65,189,46 117,186,247 97,136,26 117,103,75 194,54,244 35,64,147 95,44,210 224,120,172 66,65,233 132,223,117 131,54,25 20,110,213 207,75,163 235,34,196 40,190,157 158,136,13 143,12,226 193,124,164 35,56,141 77,140,91 143,65,60 248,182,153 136,250,212 226,96,63 118,105,60 172,118,154 10,246,137 14,148,122 243,159,150 174,183,235 248,45,90 130,93,40 153,103,8 185,154,25 158,112,50 46,97,226 176,208,226
31,86,47 35,156,129 251,46,102 44,128,11 165,147,4 170,205,212 255,53,51 80,213,231 156,81,238 77,102,229 179,60,154 25,223,199 120,59,14 115,203,228 118,119,161 142,241,16 206,88,65 201,203,146 141,35,225 148,83,76 99,104,238 11,139,17 12,53,251 42,5,246 36,86,201 219,23,113 254,50,152 39,150,132 119,2,30 109,54,222 104,71,1 41,125,147 206,165,247 252,140,15 13,25,248 111,51,151 217,223,192 136,11,159 134,145,242 252,164,216 120,84,32 70,76,192 113,34,101 232,241,104 127,91,207 66,20,114 25,74,245 76,156,45 14,128,45 23,228,138 197,241,123 209,162,137 112,182,90 250,217,209 36,230,246 63,88,171 17,36,205 78,221,198 9,128,9 190,188,254
57,189,226 73,191,177 105,238,75 0,109,22 232,62,198 183,147,52 133,87,26 54,153,189 3,196,65 123,168,172 88,195,81 136,195,112 133,121,208 202,49,182 191,39,61 237,148,184 208,138,184 152,58,187 124,119,219 172,126,96 173,67,67 237,85,221 203,22,142 199,25,220 120,201,16 95,14,41 85,92,135 75,215,3 234,115,40 141,113,66 1,78,67 220,185,151 207,128,80 7,152,219 12,199,189 34,83,243 41,81,173 190,12,181 77,171,6 213,117,150 198,83,135 58,199,107 185,160,126 216,121,133 4,121,145 72,174,152 91,21,8 149,194,164 46,4,155 228,93,190 250,114,189 122,20,246 150,127,209 145,66,146 228,17,183 21,118,157 2,214,169 209,200,178 83,95,221 49,62,57
67,93,51 8,45,150 111,253,171 176,229,63 200,9,22 23,183,116 211,203,116 247,20,129 186,127,198 79,69,13 3,57,108 249,120,185 85,73,53 25,189,193 229,127,206 78,138,212 137,43,122 200,30,146 246,166,130 124,140,49 52,26,125 216,160,199 152,158,123 148,23,8 241,185,170 63,77,85 114,6,157 183,62,121 211,168,197 153,214,70 127,125,179 186,252,148 152,153,201 87,31,117 41,153,152 123,166,169 239,171,141 226,179,75 29,120,252 55,93,201 10,135,195 197,228,78 74,211,170 196,75,234 249,63,247 129,153,224 200,232,158 208,123,166 101,94,217 102,225,146 32,71,149 4,76,40 206,144,116 226,190,190 197,149,127 210,194,195 226,114,12 196,70,51 2,69,16 133,65,33
107,15,22 100,201,239 97,120,200 68,38,111 225,60,12 197,212,100 202,173,139 12,129,131 183,63,165 188,244,99 107,162,218 87,205,203 91,94,179 195,176,23 197,19,66 62,107,164 100,134,61 169,69,172 167,217,231 254,246,212 109,118,90 214,133,19 57,124,229 226,153,106 55,60,213 18,43,31 54,241,43 108,121,0 42,184,123 251,207,25 207,194,172 111,223,26 99,60,187 23,188,224 219,70,204 126,123,16 46,172,68 78,166,237 75,201,4 105,230,145 172,143,79 131,104,193 21,101,123 108,223,17 237,143,130 14,44,76 129,204,245 5,127,216 231,58,174 220,144,70 20,232,108 166,37,171 27,132,236 242,185,118 213,95,15 62,19,248 190,76,221 190,109,182 105,242,52 223,238,239
118,117,58 42,35,55 7,72,186 189,118,214 73,66,127 90,189,92 29,132,11 17,90,93 13,251,132 238,136,127 121,237,151 76,212,202 106,56,39 154,185,173 72,196,113 152,230,180 233,74,67 62,42,209 0,58,25 247,53,250 199,235,54 157,30,2 231,151,237 17,18,138 133,63,78 150,7,204 75,130,73 232,176,211 211,96,246 90,239,67 77,188,65 128,128,164 255,78,242 33,99,22 222,154,189 134,29,183 158,116,238 253,180,34 91,40,55 45,201,10 251,184,115 140,173,229 106,56,7 165,234,32 219,216,222 131,37,68 185,94,189 117,109,243 49,118,226 202,95,4 21,169,92 3,212,148 170,175,66 113,215,208 243,46,174 216,221,62 141,83,245 1,170,186 14,23,59 144,33,233
130,235,201 119,153,112 22,6,150 29,170,69 106,139,29 17,149,152 44,48,49 171,250,87 215,193,35 149,128,108 247,22,115 21,82,135 31,88,236 109,216,91 71,91,30 164,61,233 68,67,34 141,142,217 159,22,197 220,114,196 174,71,253 81,67,201 189,7,196 128,125,204 252,73,206 245,30,166 107,91,24 93,222,72 74,240,144 99,23,202 11,85,8 198,108,85 53,134,5 231,58,220 166,188,85 71,252,167 129,150,165 189,246,103 223,65,181 65,27,32 89,129,133 147,91,145 199,76,253 246,72,215 6,201,96 19,80,88 67,173,40 168,169,57 17,198,58 92,39,133 89,188,220 12,106,207 20,216,160 23,40,3 236,145,201 79,102,128 95,157,30 152,135,193 200,153,251 215,73,52
212,82,23 35,131,19 115,216,97 11,8,116 254,82,226 235,218,50 240,14,96 98,55,192 234,26,97 234,173,167 226,253,26 49,210,183 5,61,216 118,179,156 13,75,174 143,204,88 252,48,221 50,245,242 26,102,164 242,117,96 97,165,221 168,37,106 72,176,111 146,150,226 164,246,209 6,235,186 137,150,111 132,100,108 55,15,158 18,153,116 54,67,234 184,126,200 211,49,77 202,203,82 141,182,225 95,95,197 202,11,61 75,205,97 76,15,118 221,25,150 117,132,105 135,20,137 98,213,82 49,127,177 204,50,246 165,175,123 69,167,40 163,97,3 101,126,31 20,229,252 114,62,244 11,6,229 234,239,166 224,97,9 158,49,40 30,162,2 236,64,100 171,40,118 192,82,17 134,205,159