50 100
82,31,84 98,173,229 88,140,66 203,207,247 38,81,135 37,209,32 40,147,148 90,170,230 99,99,155 175,12,186 70,64,94 54,9,117 83,155,131 90,32,10 68,137,8 123,102,216 56,159,96 221,94,187 183,145,174 21,141,36 35,177,247 116,195,52 35,237,214 152,179,18 183,161,43 13,194,186 11,100,168 52,122,209 166,40,33 54,84,144 20,108,210 184,236,252 139,121,95 8,252,48 171,51,80 118,93,208 126,111,208 142,142,39 229,184,129 156,1,213 11,45,99 116,54,185 54,44,78 2,162,158 196,19,29 232,160,159 144,127,105 156,150,59 130,161,235 162,248,169
120,43,56 159,227,69 225,58,121 234,187,219 118,49,60 11,196,218 224,61,236 115,182,228 30,209,214 63,19,234 159,236,218 198,85,164 195,101,178 247,122,146 240,215,119 54,22,50 8,22,143 164,61,5 132,55,177 116,6,169 146,134,18 48,144,71 48,134,182 99,254,32 95,121,81 169,157,86 94,96,22 37,24,148 203,200,171 14,167,192 221,54,183 119,115,131 209,42,217 105,125,28 2,134,191 105,109,135 177,197,218 87,222,29 178,206,175 102,134,92 215,235,193 189,21,198 5,2,185 99,189,154 29,236,209 136,143,96 225,210,183 205,22,160 182,86,108 62,117,162
201,1,70 201,182,127 202,162,179 18,125,45 51,64,41 155,181,248 240,235,201 224,218,40 203,34,84 112,77,160 151,121,249 90,131,115 6,144,165 207,204,215 122,64,199 221,80,196 17,92,147 129,107,213 95,153,148 227,227,207 131,58,66 27,164,131 158,149,231 153,11,153 251,168,114 229,235,131 64,138,211 226,143,107 174,13,46 10,84,131 20,209,46 49,80,201 198,115,109 62,101,47 161,44,150 209,78,208 77,62,95 107,176,58 37,105,184 232,21,130 179,251,97 101,169,179 189,233,124 29,29,37 90,237,143 224,201,192 84,153,203 201,1,70 120,43,56 221,203,171
84,153,203 226,188,154 3,63,42 22,74,67 177,245,148 31,215,190 182,131,192 196,186,130 82,104,168 184,135,95 206,35,195 166,45,177 121,234,125 200,119,193 147,182,114 163,232,78 6,35,66 163,232,78 221,80,196 54,22,50 40,250,235 180,16,110 178,168,226 134,153,156 54,7,13 188,23,79 167,196,104 86,166,193 107,235,113 55,113,179 129,203,176 159,28,170 236,225,131 246,13,7 246,220,143 91,199,10 46,122,120 137,144,17 183,254,16 179,232,176 181,193,70 213,189,99 78,14,73 72,57,5 235,250,142 225,221,128 226,188,154 201,182,127 159,227,69 244,202,191
224,201,192 225,221,128 125,187,98 58,199,216 118,230,52 6,123,56 149,216,116 1,147,51 48,243,246 146,249,20 20,153,53 20,63,232 140,184,158 253,87,201 129,131,129 173,188,39 58,234,245 6,35,66 17,92,147 8,22,143 227,178,0 117,161,111 236,87,195 212,41,160 141,241,4 61,240,139 246,151,142 227,32,67 6,37,14 72,244,54 131,113,110 252,68,86 157,232,246 244,159,0 255,252,176 217,157,241 245,151,138 136,197,74 88,30,176 244,172,22 164,152,36 27,133,103 144,236,4 105,119,108 109,2,155 125,187,98 3,63,42 202,162,179 225,58,121 99,48,175
90,237,143 235,250,142 109,2,155 196,53,88 81,157,53 211,232,165 198,71,146 210,167,67 253,96,64 250,177,114 154,242,132 236,24,221 157,91,134 131,172,198 253,161,78 30,206,185 198,43,20 56,170,149 216,208,123 14,239,202 205,6,110 129,181,22 47,136,44 237,123,145 40,200,234 10,159,196 52,236,109 134,128,161 242,196,128 55,185,182 128,216,98 200,234,218 164,141,10 244,242,174 207,242,251 41,146,161 96,144,202 100,154,116 199,50,113 21,235,88 78,247,70 244,159,100 108,113,68 166,141,69 196,53,88 58,199,216 22,74,67 18,125,45 234,187,219 3,124,140
29,29,37 72,57,5 105,119,108 166,141,69 5,68,97 218,139,226 160,222,108 61,154,79 242,57,240 242,0,224 204,128,119 6,138,171 172,215,112 131,177,98 163,57,205 186,21,200 16,55,232 227,66,57 122,19,118 74,247,104 234,60,73 105,40,38 156,147,51 63,241,203 210,111,105 184,75,161 59,215,2 10,28,69 11,193,182 91,144,134 43,191,132 192,148,107 9,245,64 78,171,53 168,107,237 43,62,206 225,217,219 151,199,64 99,124,135 61,210,181 120,104,33 151,57,76 111,4,112 5,68,97 81,157,53 118,230,52 177,245,148 51,64,41 118,49,60 133,46,160
189,233,124 78,14,73 144,236,4 108,113,68 111,4,112 166,6,8 52,255,138 59,78,146 3,182,193 167,40,233 173,26,154 4,1,175 59,248,64 121,161,29 79,19,247 2,21,169 122,150,82 67,108,211 34,164,47 89,230,122 4,13,25 95,132,117 136,67,128 193,237,248 207,226,168 185,157,164 34,186,111 77,160,110 2,211,88 175,44,98 117,52,8 106,92,152 103,153,98 214,161,94 147,186,88 223,35,233 88,118,71 131,235,114 253,20,84 44,181,180 103,36,60 204,255,11 166,6,8 218,139,226 211,232,165 6,123,56 31,215,190 155,181,248 11,196,218 229,77,98
101,169,179 213,189,99 27,133,103 244,159,100 151,57,76 204,255,11 211,219,9 193,182,170 171,155,67 28,40,102 38,118,240 5,217,69 28,40,120 208,92,253 129,8,186 85,225,12 172,9,251 173,106,49 211,222,151 169,234,192 206,113,216 174,198,239 188,207,222 14,159,47 104,47,82 84,95,17 141,229,146 99,248,84 109,128,115 146,2,255 105,22,99 238,23,112 85,99,24 120,178,212 6,95,33 3,31,50 19,40,216 106,163,87 64,99,91 172,223,103 223,183,197 211,219,9 52,255,138 160,222,108 198,71,146 149,216,116 182,131,192 240,235,201 224,61,236 78,119,22
120,43,56 159,227,69 225,58,121 234,187,219 118,49,60 11,196,218 182,86,108 120,43,56 159,227,69 225,58,121 234,187,219 118,49,60 11,196,218 224,61,236 115,182,228 30,209,214 63,19,234 159,236,218 198,85,164 195,101,178 247,122,146 240,215,119 54,22,50 8,22,143 164,61,5 132,55,177 116,6,169 146,134,18 48,144,71 48,134,182 99,254,32 95,121,81 169,157,86 94,96,22 37,24,148 203,200,171 14,167,192 221,54,183 119,115,131 209,42,217 105,125,28 189,21,198 5,2,185 99,189,154 29,236,209 136,143,96 225,210,183 205,22,160 182,86,108 62,117,162
201,1,70 201,182,127 202,162,179 18,125,45 51,64,41 155,181,248 205,22,160 201,1,70 201,182,127 202,162,179 18,125,45 51,64,41 155,181,248 240,235,201 224,218,40 203,34,84 112,77,160 151,121,249 90,131,115 6,144,165 207,204,215 122,64,199 221,80,196 17,92,147 129,107,213 95,153,148 227,227,207 131,58,66 27,164,131 158,149,231 153,11,153 251,168,114 229,235,131 64,138,211 226,143,107 174,13,46 10,84,131 20,209,46 49,80,201 198,115,109 62,101,47 101,169,179 189,233,124 29,29,37 90,237,143 224,201,192 84,153,203 201,1,70 120,43,56 221,203,171
84,153,203 226,188,154 3,63,42 22,74,67 177,245,148 31,215,190 225,210,183 84,153,203 226,188,154 3,63,42 22,74,67 177,245,148 31,215,190 182,131,192 196,186,130 82,104,168 184,135,95 206,35,195 166,45,177 121,234,125 200,119,193 147,182,114 163,232,78 6,35,66 163,232,78 221,80,196 54,22,50 40,250,235 180,16,110 178,168,226 134,153,156 54,7,13 188,23,79 167,196,104 86,166,193 107,235,113 55,113,179 129,203,176 159,28,170 236,225,131 246,13,7 213,189,99 78,14,73 72,57,5 235,250,142 225,221,128 226,188,154 201,182,127 159,227,69 244,202,191
224,201,192 225,221,128 125,187,98 58,199,216 118,230,52 6,123,56 136,143,96 224,201,192 225,221,128 125,187,98 58,199,216 118,230,52 6,123,56 149,216,116 1,147,51 48,243,246 146,249,20 20,153,53 20,63,232 140,184,158 253,87,201 129,131,129 173,188,39 58,234,245 6,35,66 17,92,147 8,22,143 227,178,0 117,161,111 236,87,195 212,41,160 141,241,4 61,240,139 246,151,142 227,32,67 6,37,14 72,244,54 131,113,110 252,68,86 157,232,246 244,159,0 27,133,103 144,236,4 105,119,108 109,2,155 125,187,98 3,63,42 202,162,179 225,58,121 99,48,175
90,237,143 235,250,142 109,2,155 196,53,88 81,157,53 211,232,165 29,236,209 90,237,143 235,250,142 109,2,155 196,53,88 81,157,53 211,232,165 198,71,146 210,167,67 253,96,64 250,177,114 154,242,132 236,24,221 157,91,134 131,172,198 253,161,78 30,206,185 198,43,20 56,170,149 216,208,123 14,239,202 205,6,110 129,181,22 47,136,44 237,123,145 40,200,234 10,159,196 52,236,109 134,128,161 242,196,128 55,185,182 128,216,98 200,234,218 164,141,10 244,242,174 244,159,100 108,113,68 166,141,69 196,53,88 58,199,216 22,74,67 18,125,45 234,187,219 3,124,140
29,29,37 72,57,5 105,119,108 166,141,69 5,68,97 218,139,226 99,189,154 29,29,37 72,57,5 105,119,108 166,141,69 5,68,97 218,139,226 160,222,108 61,154,79 242,57,240 242,0,224 204,128,119 6,138,171 172,215,112 131,177,98 163,57,205 186,21,200 16,55,232 227,66,57 122,19,118 74,247,104 234,60,73 105,40,38 156,147,51 63,241,203 210,111,105 184,75,161 59,215,2 10,28,69 11,193,182 91,144,134 43,191,132 192,148,107 9,245,64 78,171,53 151,57,76 111,4,112 5,68,97 81,157,53 118,230,52 177,245,148 51,64,41 118,49,60 133,46,160
189,233,124 78,14,73 144,236,4 108,113,68 111,4,112 166,6,8 5,2,185 189,233,124 78,14,73 144,236,4 108,113,68 111,4,112 166,6,8 52,255,138 59,78,146 3,182,193 167,40,233 173,26,154 4,1,175 59,248,64 121,161,29 79,19,247 2,21,169 122,150,82 67,108,211 34,164,47 89,230,122 4,13,25 95,132,117 136,67,128 193,237,248 207,226,168 185,157,164 34,186,111 77,160,110 2,211,88 175,44,98 117,52,8 106,92,152 103,153,98 214,161,94 204,255,11 166,6,8 218,139,226 211,232,165 6,123,56 31,215,190 155,181,248 11,196,218 229,77,98
101,169,179 213,189,99 27,133,103 244,159,100 151,57,76 204,255,11 189,21,198 101,169,179 213,189,99 27,133,103 244,159,100 151,57,76 204,255,11 211,219,9 193,182,170 171,155,67 28,40,102 38,118,240 5,217,69 28,40,120 208,92,253 129,8,186 85,225,12 172,9,251 173,106,49 211,222,151 169,234,192 206,113,216 174,198,239 188,207,222 14,159,47 104,47,82 84,95,17 141,229,146 99,248,84 109,128,115 146,2,255 105,22,99 238,23,112 85,99,24 120,178,212 211,219,9 52,255,138 160,222,108 198,71,146 149,216,116 182,131,192 240,235,201 224,61,236 78,119,22
179,251,97 181,193,70 164,152,36 78,247,70 120,104,33 103,36,60 215,235,193 179,251,97 181,193,70 164,152,36 78,247,70 120,104,33 103,36,60 223,183,197 45,68,184 177,58,22 20,165,141 65,249,12 127,234,26 27,62,113 108,122,102 0,198,204 192,3,74 6,153,68 132,80,154 248,85,79 225,119,225 150,197,77 178,173,15 88,189,63 70,240,164 176,39,10 207,231,92 208,42,218 193,77,79 199,147,143 152,60,29 210,199,31 169,247,161 204,131,198 116,177,210 193,182,170 59,78,146 61,154,79 210,167,67 1,147,51 196,186,130 224,218,40 115,182,228 254,33,77
232,21,130 179,232,176 244,172,22 21,235,88 61,210,181 44,181,180 102,134,92 232,21,130 179,232,176 244,172,22 21,235,88 61,210,181 44,181,180 172,223,103 43,208,241 241,134,11 150,185,47 181,37,159 61,45,219 245,198,113 18,143,89 239,27,37 39,182,178 52,183,24 125,211,141 211,122,137 195,170,94 130,86,74 58,213,230 100,45,124 224,213,137 16,175,27 56,4,170 171,86,141 9,63,122 247,130,46 54,59,159 193,218,27 42,25,101 227,97,192 163,145,131 171,155,67 3,182,193 242,57,240 253,96,64 48,243,246 82,104,168 203,34,84 30,209,214 206,244,27
37,105,184 183,254,16 88,30,176 199,50,113 99,124,135 253,20,84 178,206,175 37,105,184 183,254,16 88,30,176 199,50,113 99,124,135 253,20,84 64,99,91 120,94,137 64,104,143 70,85,187 136,5,209 9,80,50 93,37,96 133,135,156 105,32,120 241,136,31 210,237,245 181,224,53 220,140,58 106,198,181 204,230,223 68,122,164 53,87,18 40,34,67 165,19,20 6,95,33 147,186,88 168,107,237 207,242,251 255,252,176 246,220,143 161,44,150 2,134,191 247,242,26 28,40,102 167,40,233 242,0,224 250,177,114 146,249,20 184,135,95 112,77,160 63,19,234 48,206,129
107,176,58 137,144,17 136,197,74 100,154,116 151,199,64 131,235,114 87,222,29 107,176,58 137,144,17 136,197,74 100,154,116 151,199,64 131,235,114 106,163,87 170,196,227 150,107,22 18,252,167 111,107,144 219,215,125 204,54,118 6,66,151 131,98,250 193,67,253 6,170,35 58,16,92 27,239,193 137,211,45 42,161,205 252,99,163 26,15,231 132,207,241 194,70,149 127,48,217 171,102,28 71,213,100 154,62,222 141,32,7 140,104,139 94,190,180 88,15,68 127,48,217 38,118,240 173,26,154 204,128,119 154,242,132 20,153,53 206,35,195 151,121,249 159,236,218 203,33,165
77,62,95 46,122,120 245,151,138 96,144,202 225,217,219 88,118,71 177,197,218 77,62,95 46,122,120 245,151,138 96,144,202 225,217,219 88,118,71 19,40,216 37,228,146 116,169,14 161,108,237 132,59,224 65,105,136 106,82,254 166,159,146 97,143,140 139,90,222 114,211,202 63,25,76 25,42,199 111,105,154 124,187,238 151,186,36 102,111,208 104,76,48 199,229,161 94,134,183 237,146,1 94,69,1 14,41,240 24,163,191 132,159,251 76,42,158 133,150,215 94,134,183 5,217,69 4,1,175 6,138,171 236,24,221 20,63,232 166,45,177 90,131,115 198,85,164 171,117,214
209,78,208 91,199,10 217,157,241 41,146,161 43,62,206 223,35,233 105,109,135 209,78,208 91,199,10 217,157,241 41,146,161 43,62,206 223,35,233 3,31,50 136,203,12 202,152,4 226,149,6 118,90,189 5,238,199 180,28,225 14,162,167 213,10,111 14,41,240 94,69,1 123,103,227 79,219,153 72,195,39 120,178,116 80,51,35 52,220,114 156,57,220 85,78,105 222,51,75 102,41,183 114,211,202 139,90,222 43,92,214 228,117,241 191,71,226 188,237,21 222,51,75 28,40,120 59,248,64 172,215,112 157,91,134 140,184,158 121,234,125 6,144,165 195,101,178 209,64,241
161,44,150 246,220,143 255,252,176 207,242,251 168,107,237 147,186,88 2,134,191 161,44,150 246,220,143 255,252,176 207,242,251 168,107,237 147,186,88 6,95,33 165,19,20 40,34,67 53,87,18 68,122,164 204,230,223 106,198,181 220,140,58 181,224,53 154,62,222 71,213,100 86,146,246 145,197,167 120,130,26 146,99,230 39,218,224 89,116,161 187,206,223 21,194,73 22,238,233 41,93,112 6,170,35 193,67,253 77,187,73 87,129,3 149,114,35 90,170,59 22,238,233 208,92,253 121,161,29 131,177,98 131,172,198 253,87,201 200,119,193 207,204,215 247,122,146 70,31,76
42,25,101 193,218,27 54,59,159 247,130,46 9,63,122 171,86,141 105,125,28 62,101,47 246,13,7 244,159,0 244,242,174 78,171,53 214,161,94 120,178,212 116,177,210 163,145,131 247,242,26 127,48,217 94,134,183 222,51,75 22,238,233 164,102,79 38,227,96 198,51,159 133,24,106 184,246,97 229,143,179 85,68,153 181,224,53 220,140,58 106,198,181 33,92,190 136,37,5 192,148,107 200,234,218 252,68,86 159,28,170 49,80,201 119,115,131 33,92,190 33,100,112 129,8,186 79,19,247 163,57,205 253,161,78 129,131,129 147,182,114 122,64,199 240,215,119 23,42,158
169,247,161 210,199,31 152,60,29 199,147,143 193,77,79 208,42,218 209,42,217 198,115,109 236,225,131 157,232,246 164,141,10 9,245,64 103,153,98 85,99,24 204,131,198 227,97,192 2,134,191 88,15,68 133,150,215 188,237,21 90,170,59 19,160,155 113,96,236 10,79,202 230,245,240 98,69,32 128,11,29 183,13,211 213,10,111 14,162,167 180,28,225 166,42,59 255,242,59 9,245,64 164,141,10 157,232,246 236,225,131 198,115,109 209,42,217 166,42,59 105,125,28 85,225,12 2,21,169 186,21,200 30,206,185 173,188,39 163,232,78 221,80,196 54,22,50 144,231,82
238,23,112 105,22,99 146,2,255 109,128,115 99,248,84 141,229,146 119,115,131 49,80,201 159,28,170 252,68,86 200,234,218 192,148,107 106,92,152 238,23,112 169,247,161 42,25,101 161,44,150 94,190,180 76,42,158 191,71,226 149,114,35 102,71,30 149,161,173 125,37,220 170,192,85 144,137,22 252,38,122 194,73,212 97,143,140 166,159,146 106,82,254 234,141,23 206,77,32 78,171,53 244,242,174 244,159,0 246,13,7 62,101,47 105,125,28 234,141,23 62,101,47 172,9,251 122,150,82 16,55,232 198,43,20 58,234,245 6,35,66 17,92,147 8,22,143 20,76,178
106,92,152 117,52,8 175,44,98 2,211,88 77,160,110 34,186,111 221,54,183 20,209,46 129,203,176 131,113,110 128,216,98 43,191,132 117,52,8 105,22,99 210,199,31 193,218,27 246,220,143 140,104,139 132,159,251 228,117,241 87,129,3 254,247,145 244,5,87 10,121,98 1,39,119 178,197,129 10,228,89 70,6,125 131,98,250 6,66,151 204,54,118 56,170,63 201,50,97 83,103,50 128,146,153 80,220,78 186,120,178 127,70,24 251,198,210 56,170,63 246,13,7 173,106,49 67,108,211 227,66,57 56,170,149 6,35,66 163,232,78 129,107,213 164,61,5 217,247,61
192,148,107 43,191,132 91,144,134 11,193,182 10,28,69 59,215,2 14,167,192 10,84,131 55,113,179 72,244,54 55,185,182 91,144,134 175,44,98 146,2,255 152,60,29 54,59,159 255,252,176 141,32,7 24,163,191 43,92,214 77,187,73 38,120,187 86,180,195 135,56,127 213,229,70 29,118,34 225,114,173 250,46,164 116,62,130 77,19,21 244,227,112 83,220,111 36,208,11 1,202,121 137,44,150 33,100,112 116,62,130 77,19,21 244,227,112 83,220,111 244,159,0 211,222,151 34,164,47 122,19,118 216,208,123 17,92,147 221,80,196 95,153,148 132,55,177 77,145,26
200,234,218 128,216,98 55,185,182 242,196,128 134,128,161 52,236,109 203,200,171 174,13,46 107,235,113 6,37,14 242,196,128 11,193,182 2,211,88 109,128,115 199,147,143 247,130,46 207,242,251 154,62,222 14,41,240 139,90,222 193,67,253 241,136,31 39,182,178 192,3,74 85,225,12 2,21,169 186,21,200 30,206,185 9,86,3 205,9,222 246,48,164 7,248,153 170,54,222 95,195,72 206,86,47 161,75,80 9,86,3 205,9,222 246,48,164 7,248,153 244,242,174 169,234,192 89,230,122 74,247,104 14,239,202 8,22,143 54,22,50 227,227,207 116,6,169 150,71,114
252,68,86 131,113,110 72,244,54 6,37,14 227,32,67 246,151,142 37,24,148 226,143,107 86,166,193 227,32,67 134,128,161 10,28,69 77,160,110 99,248,84 193,77,79 9,63,122 168,107,237 71,213,100 94,69,1 114,211,202 6,170,35 210,237,245 52,183,24 6,153,68 172,9,251 122,150,82 16,55,232 198,43,20 102,38,32 65,163,27 86,122,142 36,183,85 234,236,46 158,219,156 231,249,81 39,80,208 102,38,32 65,163,27 86,122,142 36,183,85 78,171,53 206,113,216 4,13,25 234,60,73 205,6,110 227,178,0 40,250,235 131,58,66 146,134,18 55,236,144
159,28,170 129,203,176 55,113,179 107,235,113 86,166,193 167,196,104 94,96,22 64,138,211 167,196,104 246,151,142 52,236,109 59,215,2 34,186,111 141,229,146 208,42,218 171,86,141 147,186,88 171,102,28 237,146,1 102,41,183 41,93,112 0,118,197 126,54,18 197,31,199 48,10,65 86,162,214 176,101,82 92,183,77 98,136,203 221,180,119 201,248,193 151,134,30 128,2,238 64,121,110 8,201,23 43,119,167 98,136,203 221,180,119 201,248,193 151,134,30 214,161,94 174,198,239 95,132,117 105,40,38 129,181,22 117,161,111 180,16,110 27,164,131 48,144,71 173,188,39
49,80,201 20,209,46 10,84,131 174,13,46 226,143,107 64,138,211 169,157,86 229,235,131 188,23,79 61,240,139 10,159,196 184,75,161 185,157,164 84,95,17 207,231,92 56,4,170 6,95,33 127,48,217 94,134,183 222,51,75 22,238,233 164,102,79 38,227,96 198,51,159 133,24,106 184,246,97 229,143,179 85,68,153 148,76,50 79,91,95 8,98,134 247,14,224 32,33,198 184,138,61 5,152,94 164,183,138 148,76,50 79,91,95 8,98,134 247,14,224 120,178,212 188,207,222 136,67,128 156,147,51 47,136,44 236,87,195 178,168,226 158,149,231 48,134,182 58,234,245
119,115,131 221,54,183 14,167,192 203,200,171 37,24,148 94,96,22 95,121,81 251,168,114 54,7,13 141,241,4 40,200,234 210,111,105 207,226,168 104,47,82 176,39,10 16,175,27 165,19,20 194,70,149 199,229,161 85,78,105 21,194,73 139,78,80 190,83,124 40,77,33 252,29,9 65,164,90 183,170,31 131,26,20 139,90,222 43,92,214 228,117,241 191,71,226 188,237,21 222,51,75 102,41,183 114,211,202 139,90,222 43,92,214 228,117,241 191,71,226 116,177,210 14,159,47 193,237,248 63,241,203 237,123,145 212,41,160 134,153,156 153,11,153 99,254,32 144,231,82
33,92,190 225,210,13 15,14,170 183,16,70 22,233,3 177,211,138 99,254,32 153,11,153 134,153,156 212,41,160 237,123,145 63,241,203 193,237,248 14,159,47 70,240,164 224,213,137 40,34,67 132,207,241 104,76,48 156,57,220 187,206,223 121,178,242 144,142,40 55,217,216 11,133,88 184,181,208 60,11,25 16,137,81 193,67,253 77,187,73 87,129,3 149,114,35 90,170,59 22,238,233 41,93,112 6,170,35 193,67,253 77,187,73 87,129,3 149,114,35 163,145,131 104,47,82 207,226,168 210,111,105 40,200,234 141,241,4 54,7,13 251,168,114 95,121,81 20,76,178
136,37,5 239,243,126 114,30,0 32,18,107 182,49,11 84,133,109 48,134,182 158,149,231 178,168,226 236,87,195 47,136,44 156,147,51 136,67,128 188,207,222 88,189,63 100,45,124 53,87,18 26,15,231 102,111,208 52,220,114 89,116,161 35,47,101 227,235,32 103,244,180 53,112,112 14,72,32 62,211,193 159,72,191 241,136,31 38,120,187 254,247,145 102,71,30 19,160,155 164,102,79 0,118,197 210,237,245 241,136,31 38,120,187 254,247,145 102,71,30 247,242,26 84,95,17 185,157,164 184,75,161 10,159,196 61,240,139 188,23,79 229,235,131 169,157,86 192,32,138
192,148,107 43,191,132 91,144,134 11,193,182 10,28,69 59,215,2 48,144,71 27,164,131 180,16,110 117,161,111 129,181,22 105,40,38 95,132,117 174,198,239 178,173,15 58,213,230 68,122,164 252,99,163 151,186,36 80,51,35 39,218,224 245,110,183 93,6,206 103,178,63 152,84,29 214,11,47 71,87,214 33,245,194 39,182,178 86,180,195 244,5,87 149,161,173 113,96,236 38,227,96 126,54,18 52,183,24 39,182,178 86,180,195 244,5,87 149,161,173 127,48,217 141,229,146 34,186,111 59,215,2 52,236,109 246,151,142 167,196,104 64,138,211 94,96,22 220,20,189
200,234,218 128,216,98 55,185,182 242,196,128 134,128,161 52,236,109 146,134,18 131,58,66 40,250,235 227,178,0 205,6,110 234,60,73 4,13,25 206,113,216 150,197,77 130,86,74 204,230,223 42,161,205 124,187,238 120,178,116 146,99,230 212,202,121 241,101,114 44,160,115 170,55,92 241,53,227 173,237,120 200,243,250 192,3,74 135,56,127 10,121,98 125,37,220 10,79,202 198,51,159 197,31,199 6,153,68 192,3,74 135,56,127 10,121,98 125,37,220 94,134,183 99,248,84 77,160,110 10,28,69 134,128,161 227,32,67 86,166,193 226,143,107 37,24,148 189,5,112
252,68,86 131,113,110 72,244,54 6,37,14 227,32,67 246,151,142 116,6,169 227,227,207 54,22,50 8,22,143 14,239,202 74,247,104 89,230,122 169,234,192 225,119,225 195,170,94 106,198,181 137,211,45 111,105,154 72,195,39 120,130,26 209,1,3 26,163,117 197,208,118 27,13,237 90,145,76 208,248,62 164,246,55 85,225,12 213,229,70 1,39,119 170,192,85 230,245,240 133,24,106 48,10,65 172,9,251 85,225,12 213,229,70 1,39,119 170,192,85 222,51,75 109,128,115 2,211,88 11,193,182 242,196,128 6,37,14 107,235,113 174,13,46 203,200,171 97,253,192
159,28,170 129,203,176 55,113,179 107,235,113 86,166,193 167,196,104 132,55,177 95,153,148 221,80,196 17,92,147 216,208,123 122,19,118 34,164,47 211,222,151 248,85,79 211,122,137 220,140,58 27,239,193 25,42,199 79,219,153 145,197,167 244,250,196 224,194,246 216,95,163 42,232,91 166,255,65 52,144,165 85,17,125 2,21,169 29,118,34 178,197,129 144,137,22 98,69,32 184,246,97 86,162,214 122,150,82 2,21,169 29,118,34 178,197,129 144,137,22 22,238,233 146,2,255 175,44,98 91,144,134 55,185,182 72,244,54 55,113,179 10,84,131 14,167,192 115,1,10
49,80,201 20,209,46 10,84,131 174,13,46 226,143,107 64,138,211 164,61,5 129,107,213 163,232,78 6,35,66 56,170,149 227,66,57 67,108,211 173,106,49 132,80,154 125,211,141 181,224,53 58,16,92 63,25,76 123,103,227 86,146,246 133,130,147 165,49,222 115,7,147 82,74,128 39,128,196 129,204,235 225,141,144 186,21,200 225,114,173 10,228,89 252,38,122 128,11,29 229,143,179 176,101,82 16,55,232 186,21,200 225,114,173 10,228,89 252,38,122 164,102,79 105,22,99 117,52,8 43,191,132 128,216,98 131,113,110 129,203,176 20,209,46 221,54,183 37,221,71
119,115,131 221,54,183 14,167,192 203,200,171 37,24,148 94,96,22 8,22,143 17,92,147 6,35,66 58,234,245 198,43,20 16,55,232 122,150,82 172,9,251 6,153,68 52,183,24 210,237,245 6,170,35 114,211,202 94,69,1 71,213,100 141,165,217 210,129,74 174,64,234 78,133,141 243,73,42 1,202,121 137,44,150 30,206,185 250,46,164 70,6,125 194,73,212 183,13,211 85,68,153 92,183,77 198,43,20 30,206,185 250,46,164 70,6,125 194,73,212 38,227,96 238,23,112 106,92,152 192,148,107 200,234,218 252,68,86 159,28,170 49,80,201 119,115,131 93,234,58
33,92,190 225,210,13 15,14,170 183,16,70 22,233,3 177,211,138 54,22,50 221,80,196 163,232,78 173,188,39 30,206,185 186,21,200 2,21,169 85,225,12 192,3,74 39,182,178 241,136,31 193,67,253 139,90,222 14,41,240 154,62,222 33,231,244 55,92,170 7,96,46 196,20,173 155,65,112 95,195,72 206,86,47 173,188,39 55,236,144 150,71,114 77,145,26 217,247,61 20,76,178 144,231,82 58,234,245 173,188,39 55,236,144 150,71,114 77,145,26 198,51,159 85,99,24 103,153,98 9,245,64 164,141,10 157,232,246 236,225,131 198,115,109 209,42,217 61,97,14
119,115,131 49,80,201 159,28,170 252,68,86 200,234,218 192,148,107 240,215,119 122,64,199 147,182,114 129,131,129 253,161,78 163,57,205 79,19,247 129,8,186 0,198,204 239,27,37 105,32,120 131,98,250 97,143,140 213,10,111 181,224,53 125,211,141 132,80,154 173,106,49 67,108,211 227,66,57 56,170,149 6,35,66 163,232,78 129,107,213 164,61,5 46,55,2 79,94,128 227,66,57 56,170,149 6,35,66 163,232,78 129,107,213 164,61,5 46,55,2 133,24,106 120,178,212 214,161,94 78,171,53 244,242,174 244,159,0 246,13,7 62,101,47 105,125,28 33,100,112
6,35,66 17,92,147 8,22,143 227,178,0 117,161,111 236,87,195 212,41,160 141,241,4 61,240,139 246,151,142 227,32,67 6,37,14 72,244,54 131,113,110 252,68,86 183,16,70 203,200,171 174,13,46 107,235,113 6,37,14 242,196,128 11,193,182 32,18,107 183,16,70 203,200,171 174,13,46 107,235,113 6,37,14 242,196,128 11,193,182 2,211,88 109,128,115 199,147,143 247,130,46 207,242,251 41,146,161 96,144,202 100,154,116 199,50,113 21,235,88 78,247,70 244,159,100 108,113,68 166,141,69 196,53,88 58,199,216 22,74,67 18,125,45 234,187,219 3,124,140
56,170,149 216,208,123 14,239,202 205,6,110 129,181,22 47,136,44 237,123,145 40,200,234 10,159,196 52,236,109 134,128,161 242,196,128 55,185,182 128,216,98 200,234,218 22,233,3 37,24,148 226,143,107 86,166,193 227,32,67 134,128,161 10,28,69 182,49,11 22,233,3 37,24,148 226,143,107 86,166,193 227,32,67 134,128,161 10,28,69 77,160,110 99,248,84 193,77,79 9,63,122 168,107,237 43,62,206 225,217,219 151,199,64 99,124,135 61,210,181 120,104,33 151,57,76 111,4,112 5,68,97 81,157,53 118,230,52 177,245,148 51,64,41 118,49,60 133,46,160
227,66,57 122,19,118 74,247,104 234,60,73 105,40,38 156,147,51 63,241,203 210,111,105 184,75,161 59,215,2 10,28,69 11,193,182 91,144,134 43,191,132 192,148,107 177,211,138 94,96,22 64,138,211 167,196,104 246,151,142 52,236,109 59,215,2 84,133,109 177,211,138 94,96,22 64,138,211 167,196,104 246,151,142 52,236,109 59,215,2 34,186,111 141,229,146 208,42,218 171,86,141 147,186,88 223,35,233 88,118,71 131,235,114 253,20,84 44,181,180 103,36,60 204,255,11 166,6,8 218,139,226 211,232,165 6,123,56 31,215,190 155,181,248 11,196,218 229,77,98
120,43,56 159,227,69 225,58,121 234,187,219 118,49,60 11,196,218 224,61,236 115,182,228 30,209,214 63,19,234 159,236,218 198,85,164 195,101,178 247,122,146 240,215,119 54,22,50 8,22,143 164,61,5 132,55,177 116,6,169 146,134,18 48,144,71 48,134,182 99,254,32 95,121,81 169,157,86 94,96,22 37,24,148 203,200,171 14,167,192 221,54,183 119,115,131 209,42,217 105,125,28 2,134,191 105,109,135 177,197,218 87,222,29 178,206,175 102,134,92 215,235,193 189,21,198 5,2,185 99,189,154 29,236,209 136,143,96 225,210,183 205,22,160 182,86,108 62,117,162
201,1,70 201,182,127 202,162,179 18,125,45 51,64,41 155,181,248 240,235,201 224,218,40 203,34,84 112,77,160 151,121,249 90,131,115 6,144,165 207,204,215 122,64,199 221,80,196 17,92,147 129,107,213 95,153,148 227,227,207 131,58,66 27,164,131 158,149,231 153,11,153 251,168,114 229,235,131 64,138,211 226,143,107 174,13,46 10,84,131 20,209,46 49,80,201 198,115,109 62,101,47 161,44,150 209,78,208 77,62,95 107,176,58 37,105,184 232,21,130 179,251,97 101,169,179 189,233,124 29,29,37 90,237,143 224,201,192 84,153,203 201,1,70 120,43,56 221,203,171
84,153,203 226,188,154 3,63,42 22,74,67 177,245,148 31,215,190 182,131,192 196,186,130 82,104,168 184,135,95 206,35,195 166,45,177 121,234,125 200,119,193 147,182,114 163,232,78 6,35,66 163,232,78 221,80,196 54,22,50 40,250,235 180,16,110 178,168,226 134,153,156 54,7,13 188,23,79 167,196,104 86,166,193 107,235,113 55,113,179 129,203,176 159,28,170 236,225,131 246,13,7 246,220,143 91,199,10 46,122,120 137,144,17 183,254,16 179,232,176 181,193,70 213,189,99 78,14,73 72,57,5 235,250,142 225,221,128 226,188,154 201,182,127 159,227,69 244,202,191
224,201,192 225,221,128 125,187,98 58,199,216 118,230,52 6,123,56 149,216,116 1,147,51 48,243,246 146,249,20 20,153,53 20,63,232 140,184,158 253,87,201 129,131,129 173,188,39 58,234,245 6,35,66 17,92,147 8,22,143 227,178,0 117,161,111 236,87,195 212,41,160 141,241,4 61,240,139 246,151,142 227,32,67 6,37,14 72,244,54 131,113,110 252,68,86 157,232,246 244,159,0 255,252,176 217,157,241 245,151,138 136,197,74 88,30,176 244,172,22 164,152,36 27,133,103 144,236,4 105,119,108 109,2,155 125,187,98 3,63,42 202,162,179 225,58,121 99,48,175
90,237,143 235,250,142 109,2,155 196,53,88 81,157,53 211,232,165 198,71,146 210,167,67 253,96,64 250,177,114 154,242,132 236,24,221 157,91,134 131,172,198 253,161,78 30,206,185 198,43,20 56,170,149 216,208,123 14,239,202 205,6,110 129,181,22 47,136,44 237,123,145 40,200,234 10,159,196 52,236,109 134,128,161 242,196,128 55,185,182 128,216,98 200,234,218 164,141,10 244,242,174 207,242,251 41,146,161 96,144,202 100,154,116 199,50,113 21,235,88 78,247,70 244,159,100 108,113,68 166,141,69 196,53,88 58,199,216 22,74,67 18,125,45 234,187,219 3,124,140
29,29,37 72,57,5 105,119,108 166,141,69 5,68,97 218,139,226 160,222,108 61,154,79 242,57,240 242,0,224 204,128,119 6,138,171 172,215,112 131,177,98 163,57,205 186,21,200 16,55,232 227,66,57 122,19,118 74,247,104 234,60,73 105,40,38 156,147,51 63,241,203 210,111,105 184,75,161 59,215,2 10,28,69 11,193,182 91,144,134 43,191,132 192,148,107 9,245,64 78,171,53 168,107,237 43,62,206 225,217,219 151,199,64 99,124,135 61,210,181 120,104,33 151,57,76 111,4,112 5,68,97 81,157,53 118,230,52 177,245,148 51,64,41 118,49,60 133,46,160
189,233,124 78,14,73 144,236,4 108,113,68 111,4,112 166,6,8 52,255,138 59,78,146 3,182,193 167,40,233 173,26,154 4,1,175 59,248,64 121,161,29 79,19,247 2,21,169 122,150,82 67,108,211 34,164,47 89,230,122 4,13,25 95,132,117 136,67,128 193,237,248 207,226,168 185,157,164 34,186,111 77,160,110 2,211,88 175,44,98 117,52,8 106,92,152 103,153,98 214,161,94 147,186,88 223,35,233 88,118,71 131,235,114 253,20,84 44,181,180 103,36,60 204,255,11 166,6,8 218,139,226 211,232,165 6,123,56 31,215,190 155,181,248 11,196,218 229,77,98
101,169,179 213,189,99 27,133,103 244,159,100 151,57,76 204,255,11 211,219,9 193,182,170 171,155,67 28,40,102 38,118,240 5,217,69 28,40,120 208,92,253 129,8,186 85,225,12 172,9,251 173,106,49 211,222,151 169,234,192 206,113,216 174,198,239 188,207,222 14,159,47 104,47,82 84,95,17 141,229,146 99,248,84 109,128,115 146,2,255 105,22,99 238,23,112 85,99,24 120,178,212 6,95,33 3,31,50 19,40,216 106,163,87 64,99,91 172,223,103 223,183,197 211,219,9 52,255,138 160,222,108 198,71,146 149,216,116 182,131,192 240,235,201 224,61,236 78,119,22
179,251,97 181,193,70 164,152,36 78,247,70 120,104,33 103,36,60 223,183,197 45,68,184 177,58,22 20,165,141 65,249,12 127,234,26 27,62,113 108,122,102 0,198,204 192,3,74 6,153,68 132,80,154 248,85,79 225,119,225 150,197,77 178,173,15 88,189,63 70,240,164 176,39,10 207,231,92 208,42,218 193,77,79 199,147,143 152,60,29 210,199,31 169,247,161 204,131,198 116,177,210 165,19,20 136,203,12 37,228,146 170,196,227 120,94,137 43,208,241 45,68,184 193,182,170 59,78,146 61,154,79 210,167,67 1,147,51 196,186,130 224,218,40 115,182,228 254,33,77
232,21,130 179,232,176 244,172,22 21,235,88 61,210,181 44,181,180 172,223,103 43,208,241 241,134,11 150,185,47 181,37,159 61,45,219 245,198,113 18,143,89 239,27,37 39,182,178 52,183,24 125,211,141 211,122,137 195,170,94 130,86,74 58,213,230 100,45,124 224,213,137 16,175,27 56,4,170 171,86,141 9,63,122 247,130,46 54,59,159 193,218,27 42,25,101 227,97,192 163,145,131 40,34,67 202,152,4 116,169,14 150,107,22 64,104,143 241,134,11 177,58,22 171,155,67 3,182,193 242,57,240 253,96,64 48,243,246 82,104,168 203,34,84 30,209,214 206,244,27
37,105,184 183,254,16 88,30,176 199,50,113 99,124,135 253,20,84 64,99,91 120,94,137 64,104,143 70,85,187 136,5,209 9,80,50 93,37,96 133,135,156 105,32,120 241,136,31 210,237,245 181,224,53 220,140,58 106,198,181 204,230,223 68,122,164 53,87,18 40,34,67 165,19,20 6,95,33 147,186,88 168,107,237 207,242,251 255,252,176 246,220,143 161,44,150 2,134,191 247,242,26 53,87,18 226,149,6 161,108,237 18,252,167 70,85,187 150,185,47 20,165,141 28,40,102 167,40,233 242,0,224 250,177,114 146,249,20 184,135,95 112,77,160 63,19,234 48,206,129
107,176,58 137,144,17 136,197,74 100,154,116 151,199,64 131,235,114 106,163,87 170,196,227 150,107,22 18,252,167 111,107,144 219,215,125 204,54,118 6,66,151 131,98,250 193,67,253 6,170,35 58,16,92 27,239,193 137,211,45 42,161,205 252,99,163 26,15,231 132,207,241 194,70,149 127,48,217 171,102,28 71,213,100 154,62,222 141,32,7 140,104,139 94,190,180 88,15,68 127,48,217 68,122,164 118,90,189 132,59,224 111,107,144 136,5,209 181,37,159 65,249,12 38,118,240 173,26,154 204,128,119 154,242,132 20,153,53 206,35,195 151,121,249 159,236,218 203,33,165
77,62,95 46,122,120 245,151,138 96,144,202 225,217,219 88,118,71 19,40,216 37,228,146 116,169,14 161,108,237 132,59,224 65,105,136 106,82,254 166,159,146 97,143,140 139,90,222 114,211,202 63,25,76 25,42,199 111,105,154 124,187,238 151,186,36 102,111,208 104,76,48 199,229,161 94,134,183 237,146,1 94,69,1 14,41,240 24,163,191 132,159,251 76,42,158 133,150,215 94,134,183 204,230,223 5,238,199 65,105,136 219,215,125 9,80,50 61,45,219 127,234,26 5,217,69 4,1,175 6,138,171 236,24,221 20,63,232 166,45,177 90,131,115 198,85,164 171,117,214
209,78,208 91,199,10 217,157,241 41,146,161 43,62,206 223,35,233 3,31,50 136,203,12 202,152,4 226,149,6 118,90,189 5,238,199 180,28,225 14,162,167 213,10,111 14,41,240 94,69,1 123,103,227 79,219,153 72,195,39 120,178,116 80,51,35 52,220,114 156,57,220 85,78,105 222,51,75 102,41,183 114,211,202 139,90,222 43,92,214 228,117,241 191,71,226 188,237,21 222,51,75 106,198,181 180,28,225 106,82,254 204,54,118 93,37,96 245,198,113 27,62,113 28,40,120 59,248,64 172,215,112 157,91,134 140,184,158 121,234,125 6,144,165 195,101,178 209,64,241
161,44,150 246,220,143 255,252,176 207,242,251 168,107,237 147,186,88 6,95,33 165,19,20 40,34,67 53,87,18 68,122,164 204,230,223 106,198,181 220,140,58 181,224,53 154,62,222 71,213,100 86,146,246 145,197,167 120,130,26 146,99,230 39,218,224 89,116,161 187,206,223 21,194,73 22,238,233 41,93,112 6,170,35 193,67,253 77,187,73 87,129,3 149,114,35 90,170,59 22,238,233 220,140,58 14,162,167 166,159,146 6,66,151 133,135,156 18,143,89 108,122,102 208,92,253 121,161,29 131,177,98 131,172,198 253,87,201 200,119,193 207,204,215 247,122,146 70,31,76
42,25,101 193,218,27 54,59,159 247,130,46 9,63,122 171,86,141 56,4,170 16,175,27 224,213,137 100,45,124 58,213,230 130,86,74 195,170,94 211,122,137 125,211,141 33,231,244 141,165,217 133,130,147 244,250,196 209,1,3 212,202,121 245,110,183 35,47,101 121,178,242 139,78,80 164,102,79 0,118,197 210,237,245 241,136,31 38,120,187 254,247,145 102,71,30 19,160,155 164,102,79 181,224,53 213,10,111 97,143,140 131,98,250 105,32,120 239,27,37 0,198,204 129,8,186 79,19,247 163,57,205 253,161,78 129,131,129 147,182,114 122,64,199 240,215,119 23,42,158
169,247,161 210,199,31 152,60,29 199,147,143 193,77,79 208,42,218 207,231,92 176,39,10 70,240,164 88,189,63 178,173,15 150,197,77 225,119,225 248,85,79 132,80,154 55,92,170 210,129,74 165,49,222 224,194,246 26,163,117 241,101,114 93,6,206 227,235,32 144,142,40 190,83,124 38,227,96 126,54,18 52,183,24 39,182,178 86,180,195 244,5,87 149,161,173 113,96,236 38,227,96 154,62,222 14,41,240 139,90,222 193,67,253 241,136,31 39,182,178 192,3,74 85,225,12 2,21,169 186,21,200 30,206,185 173,188,39 163,232,78 221,80,196 54,22,50 144,231,82
238,23,112 105,22,99 146,2,255 109,128,115 99,248,84 141,229,146 84,95,17 104,47,82 14,159,47 188,207,222 174,198,239 206,113,216 169,234,192 211,222,151 173,106,49 7,96,46 174,64,234 115,7,147 216,95,163 197,208,118 44,160,115 103,178,63 103,244,180 55,217,216 40,77,33 198,51,159 197,31,199 6,153,68 192,3,74 135,56,127 10,121,98 125,37,220 10,79,202 198,51,159 71,213,100 94,69,1 114,211,202 6,170,35 210,237,245 52,183,24 6,153,68 172,9,251 122,150,82 16,55,232 198,43,20 58,234,245 6,35,66 17,92,147 8,22,143 20,76,178
106,92,152 117,52,8 175,44,98 2,211,88 77,160,110 34,186,111 185,157,164 207,226,168 193,237,248 136,67,128 95,132,117 4,13,25 89,230,122 34,164,47 67,108,211 196,20,173 78,133,141 82,74,128 42,232,91 27,13,237 170,55,92 152,84,29 53,112,112 11,133,88 252,29,9 133,24,106 48,10,65 172,9,251 85,225,12 213,229,70 1,39,119 170,192,85 230,245,240 133,24,106 86,146,246 123,103,227 63,25,76 58,16,92 181,224,53 125,211,141 132,80,154 173,106,49 67,108,211 227,66,57 56,170,149 6,35,66 163,232,78 129,107,213 164,61,5 217,247,61
192,148,107 43,191,132 91,144,134 11,193,182 10,28,69 59,215,2 184,75,161 210,111,105 63,241,203 156,147,51 105,40,38 234,60,73 74,247,104 122,19,118 227,66,57 155,65,112 243,73,42 39,128,196 166,255,65 90,145,76 241,53,227 214,11,47 14,72,32 184,181,208 65,164,90 184,246,97 86,162,214 122,150,82 2,21,169 29,118,34 178,197,129 144,137,22 98,69,32 184,246,97 145,197,167 79,219,153 25,42,199 27,239,193 220,140,58 211,122,137 248,85,79 211,222,151 34,164,47 122,19,118 216,208,123 17,92,147 221,80,196 95,153,148 132,55,177 77,145,26
200,234,218 128,216,98 55,185,182 242,196,128 134,128,161 52,236,109 10,159,196 40,200,234 237,123,145 47,136,44 129,181,22 205,6,110 14,239,202 216,208,123 56,170,149 95,195,72 1,202,121 129,204,235 52,144,165 208,248,62 173,237,120 71,87,214 62,211,193 60,11,25 183,170,31 229,143,179 176,101,82 16,55,232 186,21,200 225,114,173 10,228,89 252,38,122 128,11,29 229,143,179 120,130,26 72,195,39 111,105,154 137,211,45 106,198,181 195,170,94 225,119,225 169,234,192 89,230,122 74,247,104 14,239,202 8,22,143 54,22,50 227,227,207 116,6,169 150,71,114
252,68,86 131,113,110 72,244,54 6,37,14 227,32,67 246,151,142 61,240,139 141,241,4 212,41,160 236,87,195 117,161,111 227,178,0 8,22,143 17,92,147 6,35,66 206,86,47 137,44,150 225,141,144 85,17,125 164,246,55 200,243,250 33,245,194 159,72,191 16,137,81 131,26,20 85,68,153 92,183,77 198,43,20 30,206,185 250,46,164 70,6,125 194,73,212 183,13,211 85,68,153 146,99,230 120,178,116 124,187,238 42,161,205 204,230,223 130,86,74 150,197,77 206,113,216 4,13,25 234,60,73 205,6,110 227,178,0 40,250,235 131,58,66 146,134,18 55,236,144
159,28,170 129,203,176 55,113,179 107,235,113 86,166,193 167,196,104 188,23,79 54,7,13 134,153,156 178,168,226 180,16,110 40,250,235 54,22,50 221,80,196 163,232,78 173,188,39 30,206,185 186,21,200 2,21,169 85,225,12 192,3,74 39,182,178 241,136,31 193,67,253 139,90,222 148,76,50 98,136,203 102,38,32 9,86,3 116,62,130 131,98,250 97,143,140 213,10,111 181,224,53 39,218,224 80,51,35 151,186,36 252,99,163 68,122,164 58,213,230 178,173,15 174,198,239 95,132,117 105,40,38 129,181,22 117,161,111 180,16,110 27,164,131 48,144,71 173,188,39
49,80,201 20,209,46 10,84,131 174,13,46 226,143,107 64,138,211 229,235,131 251,168,114 153,11,153 158,149,231 27,164,131 131,58,66 227,227,207 95,153,148 129,107,213 55,236,144 250,46,164 225,114,173 29,118,34 213,229,70 135,56,127 86,180,195 38,120,187 77,187,73 43,92,214 79,91,95 221,180,119 65,163,27 205,9,222 77,19,21 6,66,151 166,159,146 14,162,167 220,140,58 89,116,161 52,220,114 102,111,208 26,15,231 53,87,18 100,45,124 88,189,63 188,207,222 136,67,128 156,147,51 47,136,44 236,87,195 178,168,226 158,149,231 48,134,182 58,234,245
119,115,131 221,54,183 14,167,192 203,200,171 37,24,148 94,96,22 169,157,86 95,121,81 99,254,32 48,134,182 48,144,71 146,134,18 116,6,169 132,55,177 164,61,5 150,71,114 70,6,125 10,228,89 178,197,129 1,39,119 10,121,98 244,5,87 254,247,145 87,129,3 228,117,241 8,98,134 201,248,193 86,122,142 246,48,164 244,227,112 204,54,118 106,82,254 180,28,225 106,198,181 187,206,223 156,57,220 104,76,48 132,207,241 40,34,67 224,213,137 70,240,164 14,159,47 193,237,248 63,241,203 237,123,145 212,41,160 134,153,156 153,11,153 99,254,32 144,231,82
33,92,190 225,210,13 15,14,170 183,16,70 22,233,3 177,211,138 34,116,0 11,215,15 203,134,58 176,2,243 113,75,233 162,9,193 187,217,156 36,184,57 46,55,2 77,145,26 194,73,212 252,38,122 144,137,22 170,192,85 125,37,220 149,161,173 102,71,30 149,114,35 191,71,226 247,14,224 151,134,30 36,183,85 7,248,153 83,220,111 56,170,63 234,141,23 166,42,59 33,92,190 21,194,73 85,78,105 199,229,161 194,70,149 165,19,20 16,175,27 176,39,10 104,47,82 207,226,168 210,111,105 40,200,234 141,241,4 54,7,13 251,168,114 95,121,81 20,76,178
136,37,5 239,243,126 114,30,0 32,18,107 182,49,11 84,133,109 187,79,24 53,25,240 75,254,42 78,212,47 98,63,86 121,27,174 130,30,66 47,138,143 79,94,128 217,247,61 183,13,211 128,11,29 98,69,32 230,245,240 10,79,202 113,96,236 19,160,155 90,170,59 188,237,21 32,33,198 128,2,238 234,236,46 170,54,222 36,208,11 201,50,97 206,77,32 255,242,59 136,37,5 22,238,233 222,51,75 94,134,183 127,48,217 6,95,33 56,4,170 207,231,92 84,95,17 185,157,164 184,75,161 10,159,196 61,240,139 188,23,79 229,235,131 169,157,86 192,32,138
192,148,107 43,191,132 91,144,134 11,193,182 10,28,69 59,215,2 184,75,161 210,111,105 63,241,203 156,147,51 105,40,38 234,60,73 74,247,104 122,19,118 227,66,57 20,76,178 85,68,153 229,143,179 184,246,97 133,24,106 198,51,159 38,227,96 164,102,79 22,238,233 222,51,75 184,138,61 64,121,110 158,219,156 95,195,72 1,202,121 83,103,50 78,171,53 9,245,64 192,148,107 41,93,112 102,41,183 237,146,1 171,102,28 147,186,88 171,86,141 208,42,218 141,229,146 34,186,111 59,215,2 52,236,109 246,151,142 167,196,104 64,138,211 94,96,22 220,20,189
200,234,218 128,216,98 55,185,182 242,196,128 134,128,161 52,236,109 10,159,196 40,200,234 237,123,145 47,136,44 129,181,22 205,6,110 14,239,202 216,208,123 56,170,149 144,231,82 92,183,77 176,101,82 86,162,214 48,10,65 197,31,199 126,54,18 0,118,197 41,93,112 102,41,183 5,152,94 8,201,23 231,249,81 206,86,47 137,44,150 128,146,153 244,242,174 164,141,10 200,234,218 6,170,35 114,211,202 94,69,1 71,213,100 168,107,237 9,63,122 193,77,79 99,248,84 77,160,110 10,28,69 134,128,161 227,32,67 86,166,193 226,143,107 37,24,148 189,5,112
252,68,86 131,113,110 72,244,54 6,37,14 227,32,67 246,151,142 61,240,139 141,241,4 212,41,160 236,87,195 117,161,111 227,178,0 8,22,143 17,92,147 6,35,66 58,234,245 198,43,20 16,55,232 122,150,82 172,9,251 6,153,68 52,183,24 210,237,245 6,170,35 114,211,202 164,183,138 43,119,167 39,80,208 161,75,80 33,100,112 80,220,78 244,159,0 157,232,246 252,68,86 193,67,253 139,90,222 14,41,240 154,62,222 207,242,251 247,130,46 199,147,143 109,128,115 2,211,88 11,193,182 242,196,128 6,37,14 107,235,113 174,13,46 203,200,171 97,253,192
159,28,170 129,203,176 55,113,179 107,235,113 86,166,193 167,196,104 188,23,79 54,7,13 134,153,156 178,168,226 180,16,110 40,250,235 54,22,50 221,80,196 163,232,78 173,188,39 30,206,185 186,21,200 2,21,169 85,225,12 192,3,74 39,182,178 241,136,31 193,67,253 139,90,222 148,76,50 98,136,203 102,38,32 9,86,3 116,62,130 186,120,178 246,13,7 236,225,131 159,28,170 77,187,73 43,92,214 24,163,191 141,32,7 255,252,176 54,59,159 152,60,29 146,2,255 175,44,98 91,144,134 55,185,182 72,244,54 55,113,179 10,84,131 14,167,192 115,1,10
49,80,201 20,209,46 10,84,131 174,13,46 226,143,107 64,138,211 229,235,131 251,168,114 153,11,153 158,149,231 27,164,131 131,58,66 227,227,207 95,153,148 129,107,213 55,236,144 250,46,164 225,114,173 29,118,34 213,229,70 135,56,127 86,180,195 38,120,187 77,187,73 43,92,214 79,91,95 221,180,119 65,163,27 205,9,222 77,19,21 127,70,24 62,101,47 198,115,109 49,80,201 87,129,3 228,117,241 132,159,251 140,104,139 246,220,143 193,218,27 210,199,31 105,22,99 117,52,8 43,191,132 128,216,98 131,113,110 129,203,176 20,209,46 221,54,183 37,221,71
119,115,131 221,54,183 14,167,192 203,200,171 37,24,148 94,96,22 169,157,86 95,121,81 99,254,32 48,134,182 48,144,71 146,134,18 116,6,169 132,55,177 164,61,5 150,71,114 70,6,125 10,228,89 178,197,129 1,39,119 10,121,98 244,5,87 254,247,145 87,129,3 228,117,241 8,98,134 201,248,193 86,122,142 246,48,164 244,227,112 251,198,210 105,125,28 209,42,217 119,115,131 149,114,35 191,71,226 76,42,158 94,190,180 161,44,150 42,25,101 169,247,161 238,23,112 106,92,152 192,148,107 200,234,218 252,68,86 159,28,170 49,80,201 119,115,131 93,234,58
33,92,190 225,210,13 15,14,170 183,16,70 22,233,3 177,211,138 34,116,0 11,215,15 203,134,58 176,2,243 113,75,233 162,9,193 187,217,156 36,184,57 46,55,2 77,145,26 194,73,212 252,38,122 144,137,22 170,192,85 125,37,220 149,161,173 102,71,30 149,114,35 191,71,226 247,14,224 151,134,30 36,183,85 7,248,153 83,220,111 56,170,63 234,141,23 166,42,59 33,92,190 90,170,59 188,237,21 133,150,215 88,15,68 2,134,191 227,97,192 204,131,198 85,99,24 103,153,98 9,245,64 164,141,10 157,232,246 236,225,131 198,115,109 209,42,217 61,97,14
119,115,131 49,80,201 159,28,170 252,68,86 200,234,218 192,148,107 136,37,5 33,92,190 106,198,181 220,140,58 181,224,53 85,68,153 229,143,179 184,246,97 133,24,106 198,51,159 38,227,96 164,102,79 22,238,233 222,51,75 94,134,183 127,48,217 247,242,26 163,145,131 116,177,210 120,178,212 214,161,94 78,171,53 244,242,174 244,159,0 246,13,7 62,101,47 105,125,28 33,100,112 22,238,233 222,51,75 94,134,183 127,48,217 247,242,26 163,145,131 116,177,210 120,178,212 214,161,94 78,171,53 244,242,174 244,159,0 246,13,7 62,101,47 105,125,28 33,100,112
37,221,71 164,246,55 208,248,62 90,145,76 27,13,237 197,208,118 26,163,117 209,1,3 120,130,26 72,195,39 94,190,180 140,104,139 141,32,7 162,202,20 120,178,212 85,99,24 238,23,112 105,22,99 146,2,255 109,128,115 99,248,84 141,229,146 84,95,17 104,47,82 14,159,47 188,207,222 174,198,239 206,113,216 169,234,192 211,222,151 173,106,49 172,9,251 85,225,12 129,8,186 208,92,253 28,40,120 5,217,69 38,118,240 28,40,102 171,155,67 193,182,170 211,219,9 204,255,11 151,57,76 244,159,100 27,133,103 213,189,99 101,169,179 189,21,198 166,68,25
115,1,10 200,243,250 173,237,120 241,53,227 170,55,92 44,160,115 241,101,114 212,202,121 146,99,230 120,178,116 195,100,178 222,13,18 39,72,158 187,37,90 214,161,94 103,153,98 106,92,152 117,52,8 175,44,98 2,211,88 77,160,110 34,186,111 185,157,164 207,226,168 193,237,248 136,67,128 95,132,117 4,13,25 89,230,122 34,164,47 67,108,211 122,150,82 2,21,169 79,19,247 121,161,29 59,248,64 4,1,175 173,26,154 167,40,233 3,182,193 59,78,146 52,255,138 166,6,8 111,4,112 108,113,68 144,236,4 78,14,73 189,233,124 5,2,185 204,150,143
97,253,192 33,245,194 71,87,214 214,11,47 152,84,29 103,178,63 93,6,206 245,110,183 39,218,224 80,51,35 254,117,102 165,61,54 117,12,143 83,103,50 78,171,53 9,245,64 192,148,107 43,191,132 91,144,134 11,193,182 10,28,69 59,215,2 184,75,161 210,111,105 63,241,203 156,147,51 105,40,38 234,60,73 74,247,104 122,19,118 227,66,57 16,55,232 186,21,200 163,57,205 131,177,98 172,215,112 6,138,171 204,128,119 242,0,224 242,57,240 61,154,79 160,222,108 218,139,226 5,68,97 166,141,69 105,119,108 72,57,5 29,29,37 99,189,154 4,59,135
189,5,112 159,72,191 62,211,193 14,72,32 53,112,112 103,244,180 227,235,32 35,47,101 89,116,161 52,220,114 18,162,97 87,185,134 166,235,197 128,146,153 244,242,174 164,141,10 200,234,218 128,216,98 55,185,182 242,196,128 134,128,161 52,236,109 10,159,196 40,200,234 237,123,145 47,136,44 129,181,22 205,6,110 14,239,202 216,208,123 56,170,149 198,43,20 30,206,185 253,161,78 131,172,198 157,91,134 236,24,221 154,242,132 250,177,114 253,96,64 210,167,67 198,71,146 211,232,165 81,157,53 196,53,88 109,2,155 235,250,142 90,237,143 29,236,209 69,240,50
220,20,189 16,137,81 60,11,25 184,181,208 11,133,88 55,217,216 144,142,40 121,178,242 187,206,223 156,57,220 4,177,74 173,68,93 70,43,139 80,220,78 244,159,0 157,232,246 252,68,86 131,113,110 72,244,54 6,37,14 227,32,67 246,151,142 61,240,139 141,241,4 212,41,160 236,87,195 117,161,111 227,178,0 8,22,143 17,92,147 6,35,66 58,234,245 173,188,39 129,131,129 253,87,201 140,184,158 20,63,232 20,153,53 146,249,20 48,243,246 1,147,51 149,216,116 6,123,56 118,230,52 58,199,216 125,187,98 225,221,128 224,201,192 136,143,96 201,101,42
192,32,138 131,26,20 183,170,31 65,164,90 252,29,9 40,77,33 190,83,124 139,78,80 21,194,73 85,78,105 72,41,70 228,83,97 141,106,1 186,120,178 246,13,7 236,225,131 159,28,170 129,203,176 55,113,179 107,235,113 86,166,193 167,196,104 188,23,79 54,7,13 134,153,156 178,168,226 180,16,110 40,250,235 54,22,50 221,80,196 163,232,78 6,35,66 163,232,78 147,182,114 200,119,193 121,234,125 166,45,177 206,35,195 184,135,95 82,104,168 196,186,130 182,131,192 31,215,190 177,245,148 22,74,67 3,63,42 226,188,154 84,153,203 225,210,183 46,178,171
20,76,178 85,68,153 229,143,179 184,246,97 133,24,106 198,51,159 38,227,96 164,102,79 22,238,233 222,51,75 184,138,61 64,121,110 158,219,156 127,70,24 62,101,47 198,115,109 49,80,201 20,209,46 10,84,131 174,13,46 226,143,107 64,138,211 229,235,131 251,168,114 153,11,153 158,149,231 27,164,131 131,58,66 227,227,207 95,153,148 129,107,213 17,92,147 221,80,196 122,64,199 207,204,215 6,144,165 90,131,115 151,121,249 112,77,160 203,34,84 224,218,40 240,235,201 155,181,248 51,64,41 18,125,45 202,162,179 201,182,127 201,1,70 205,22,160 190,6,156
144,231,82 92,183,77 176,101,82 86,162,214 48,10,65 197,31,199 126,54,18 0,118,197 41,93,112 102,41,183 5,152,94 8,201,23 231,249,81 251,198,210 105,125,28 209,42,217 119,115,131 221,54,183 14,167,192 203,200,171 37,24,148 94,96,22 169,157,86 95,121,81 99,254,32 48,134,182 48,144,71 146,134,18 116,6,169 132,55,177 164,61,5 8,22,143 54,22,50 240,215,119 247,122,146 195,101,178 198,85,164 159,236,218 63,19,234 30,209,214 115,182,228 224,61,236 11,196,218 118,49,60 234,187,219 225,58,121 159,227,69 120,43,56 182,86,108 100,67,160
58,234,245 198,43,20 16,55,232 122,150,82 172,9,251 6,153,68 52,183,24 210,237,245 6,170,35 114,211,202 164,183,138 43,119,167 39,80,208 161,75,80 33,100,112 61,97,14 93,234,58 37,221,71 115,1,10 97,253,192 189,5,112 220,20,189 192,32,138 20,76,178 144,231,82 58,234,245 173,188,39 55,236,144 150,71,114 77,145,26 217,247,61 20,76,178 144,231,82 23,42,158 70,31,76 209,64,241 171,117,214 203,33,165 48,206,129 206,244,27 254,33,77 78,119,22 229,77,98 133,46,160 3,124,140 99,48,175 244,202,191 221,203,171 62,117,162 83,67,162
63,241,203 237,123,145 212,41,160 134,153,156 153,11,153 99,254,32 203,134,58 75,254,42 41,1,12 72,253,131 181,225,83 96,189,143 225,26,228 183,102,183 106,19,100 157,164,249 89,25,198 51,33,5 18,191,143 75,69,28 65,160,45 73,154,7 255,86,195 30,214,165 127,137,99 145,243,210 112,111,216 237,191,15 1,25,160 63,170,171 224,142,57 111,162,222 162,202,20 187,37,90 83,103,50 128,146,153 80,220,78 186,120,178 127,70,24 251,198,210 56,170,63 201,50,97 83,103,50 128,146,153 80,220,78 186,120,178 127,70,24 251,198,210 56,170,63 201,50,97
210,111,105 40,200,234 141,241,4 54,7,13 251,168,114 95,121,81 11,215,15 53,25,240 131,127,182 70,250,72 141,40,98 164,33,177 18,7,30 75,220,108 235,130,94 31,113,186 91,30,47 19,230,252 60,177,41 254,128,95 23,167,90 106,112,109 7,150,32 17,227,138 155,160,213 146,100,61 237,127,126 153,140,221 162,18,37 141,165,217 210,129,74 174,64,234 78,133,141 243,73,42 1,202,121 137,44,150 33,100,112 116,62,130 77,19,21 244,227,112 83,220,111 36,208,11 1,202,121 137,44,150 33,100,112 116,62,130 77,19,21 244,227,112 83,220,111 36,208,11
184,75,161 10,159,196 61,240,139 188,23,79 229,235,131 169,157,86 34,116,0 187,79,24 121,178,77 209,144,116 148,239,84 234,188,255 55,66,169 162,69,113 151,22,131 103,200,201 115,170,181 14,14,246 134,22,164 119,79,12 206,224,63 27,109,243 1,134,119 212,140,178 108,170,126 35,53,21 153,161,35 152,50,191 243,9,117 33,231,244 55,92,170 7,96,46 196,20,173 155,65,112 95,195,72 206,86,47 161,75,80 9,86,3 205,9,222 246,48,164 7,248,153 170,54,222 95,195,72 206,86,47 161,75,80 9,86,3 205,9,222 246,48,164 7,248,153 170,54,222
59,215,2 52,236,109 246,151,142 167,196,104 64,138,211 94,96,22 177,211,138 84,133,109 213,17,143 152,135,135 226,203,91 82,80,129 231,35,39 177,163,246 22,119,78 82,206,46 48,27,106 36,12,147 26,79,151 224,1,148 74,116,57 168,106,77 29,177,214 101,1,210 200,12,198 113,67,71 237,125,220 99,240,134 40,11,7 39,72,158 117,12,143 166,235,197 70,43,139 141,106,1 158,219,156 231,249,81 39,80,208 102,38,32 65,163,27 86,122,142 36,183,85 234,236,46 158,219,156 231,249,81 39,80,208 102,38,32 65,163,27 86,122,142 36,183,85 234,236,46
10,28,69 134,128,161 227,32,67 86,166,193 226,143,107 37,24,148 22,233,3 182,49,11 7,84,114 199,241,13 107,58,140 39,66,151 255,31,201 49,140,190 85,8,31 98,65,241 177,103,60 8,234,229 235,160,142 55,105,193 112,150,92 227,61,103 131,147,55 137,223,154 196,179,145 114,39,153 215,79,185 194,181,173 92,251,72 222,13,18 165,61,54 87,185,134 173,68,93 228,83,97 64,121,110 8,201,23 43,119,167 98,136,203 221,180,119 201,248,193 151,134,30 128,2,238 64,121,110 8,201,23 43,119,167 98,136,203 221,180,119 201,248,193 151,134,30 128,2,238
11,193,182 242,196,128 6,37,14 107,235,113 174,13,46 203,200,171 183,16,70 32,18,107 3,213,18 38,5,102 163,8,184 99,28,68 76,175,232 253,144,220 103,191,9 58,37,116 220,53,124 41,208,216 97,99,122 200,226,153 143,107,46 46,127,188 174,128,27 255,33,201 172,93,161 37,245,69 66,177,63 90,86,51 114,196,111 195,100,178 254,117,102 18,162,97 4,177,74 72,41,70 184,138,61 5,152,94 164,183,138 148,76,50 79,91,95 8,98,134 247,14,224 32,33,198 184,138,61 5,152,94 164,183,138 148,76,50 79,91,95 8,98,134 247,14,224 32,33,198
21,117,248 124,197,159 113,99,254 58,60,164 119,30,241 238,144,241 13,193,82 229,93,243 13,83,23 144,233,116 93,136,142 154,103,131 61,240,232 74,113,234 240,157,5 29,114,155 225,254,97 63,17,37 214,159,50 239,183,10 184,223,250 144,83,125 103,85,32 218,69,255 195,142,167 27,239,193 25,42,199 79,219,153 145,197,167 244,250,196 224,194,246 216,95,163 42,232,91 166,255,65 52,144,165 85,17,125 93,234,58 97,143,140 166,159,146 106,82,254 65,105,136 132,59,224 161,108,237 116,169,14 37,228,146 19,40,216 88,118,71 225,217,219 96,144,202 185,37,5
7,159,255 97,106,73 158,72,191 55,183,102 170,176,138 67,45,188 48,248,230 156,118,188 90,226,214 145,171,23 246,76,21 243,143,233 239,123,51 183,61,218 64,20,176 22,108,244 218,246,213 123,47,59 214,241,182 123,38,245 231,80,127 171,218,142 174,236,214 171,244,2 72,2,60 58,16,92 63,25,76 123,103,227 86,146,246 133,130,147 165,49,222 115,7,147 82,74,128 39,128,196 129,204,235 225,141,144 61,97,14 131,98,250 6,66,151 204,54,118 219,215,125 111,107,144 18,252,167 150,107,22 170,196,227 106,163,87 131,235,114 151,199,64 100,154,116 237,246,103
53,186,106 59,6,220 78,150,105 152,89,220 31,97,91 218,13,128 222,63,205 32,177,33 212,131,250 255,14,71 191,59,197 142,147,87 122,160,76 108,242,141 66,101,57 140,88,23 181,82,221 144,194,33 153,26,201 65,253,247 160,172,112 231,132,210 131,155,255 222,5,21 192,228,235 130,148,35 16,48,120 114,217,111 239,92,41 174,198,157 36,39,211 252,152,240 92,213,137 103,243,101 97,31,165 92,95,34 160,34,117 154,240,225 182,69,26 18,104,55 38,151,0 163,140,52 174,54,232 58,120,66 108,229,131 139,250,148 47,63,6 183,36,16 193,213,217 186,16,13