60 35
210,246,176 166,94,117 66,179,168 2,223,206 53,35,62 122,254,158 254,197,251 122,251,46 142,134,122 171,243,191 93,107,53 249,11,138 231,1,65 22,164,179 232,109,36 52,222,64 155,252,187 136,212,133 39,8,147 241,138,232 220,195,233 206,215,21 227,9,76 192,110,155 17,220,127 86,238,220 77,91,169 125,75,140 53,17,68 91,88,174 7,109,61 70,198,149 34,106,36 192,201,125 95,113,212 134,134,21 41,37,182 39,156,61 90,209,52 214,211,1 74,154,165 27,104,144 110,155,106 152,12,198 215,65,51 208,54,196 124,1,130 119,25,28 66,71,176 89,5,53 36,47,81 21,220,17 175,70,78 192,122,254 200,239,66 111,54,63 161,183,38 102,105,146 165,152,37 199,198,194
223,252,127 139,58,197 175,211,219 201,37,120 123,1,7 106,94,236 192,108,100 208,85,122 131,203,165 200,8,171 123,4,122 249,10,38 163,225,125 155,210,135 218,105,50 198,21,47 4,94,94 146,154,13 36,220,46 42,233,42 133,187,148 27,163,97 196,112,185 88,41,146 174,67,23 147,124,5 160,187,144 234,138,210 197,154,205 201,211,216 18,85,146 138,46,148 246,125,128 201,35,147 135,127,191 96,124,13 51,44,168 209,147,229 196,159,168 66,99,21 170,116,44 189,231,132 2,121,233 204,10,221 91,24,94 254,13,155 211,199,78 83,129,192 136,172,165 118,130,250 136,44,120 240,146,244 73,139,39 75,184,22 74,0,142 149,66,234 47,84,147 70,81,4 156,80,36 30,68,142
134,193,142 150,47,133 186,36,240 199,21,194 203,22,216 200,201,141 104,149,187 175,250,131 250,232,99 245,254,1 211,68,19 109,225,120 109,93,0 74,138,81 156,119,253 50,78,87 44,148,35 162,145,234 213,68,172 254,234,107 247,156,187 245,13,152 126,50,148 75,155,216 75,176,158 89,178,165 160,117,237 200,87,222 159,238,159 111,147,61 37,235,72 128,64,106 236,218,80 247,152,234 135,36,176 90,77,104 250,78,218 66,213,237 154,248,68 174,150,9 119,177,138 216,222,44 122,219,173 197,134,13 208,177,0 206,65,44 235,153,81 223,102,21 240,177,86 210,32,225 209,101,126 240,14,37 153,64,63 28,243,128 219,198,105 47,229,103 124,37,31 166,215,108 139,180,206 85,158,147
161,160,105 75,75,215 108,55,68 159,216,130 196,142,199 1,12,177 87,236,67 213,238,222 119,172,137 64,126,221 146,38,174 200,232,244 91,194,82 19,252,183 222,169,201 146,51,31 94,96,28 15,97,98 207,121,249 252,232,37 95,132,141 143,117,185 157,176,39 76,4,23 234,32,62 207,117,89 166,140,118 119,160,160 229,141,85 202,130,240 206,85,50 78,130,106 199,231,57 103,21,97 148,187,126 209,162,42 114,38,227 158,227,193 13,214,94 138,191,225 44,113,193 194,49,94 190,42,22 103,207,52 92,255,120 37,246,153 191,56,32 202,130,240 105,42,232 108,66,179 133,242,227 99,224,122 160,81,75 78,0,20 222,57,98 108,247,46 149,36,129 173,77,99 23,153,182 203,142,76
140,38,214 17,202,182 81,5,77 223,178,34 8,160,97 189,196,21 166,151,220 208,214,174 62,56,166 148,100,195 185,235,184 191,39,177 5,47,37 199,143,50 2,14,109 49,130,95 82,183,86 135,41,51 152,99,136 218,142,196 163,87,63 60,170,197 21,244,76 181,200,217 77,77,185 41,18,18 140,188,200 132,184,218 184,200,22 105,42,232 132,31,51 80,169,156 117,96,38 105,244,180 10,151,254 20,164,52 170,19,151 191,230,199 29,110,65 17,109,111 158,93,161 225,157,8 125,161,241 73,209,39 242,153,199 203,2,43 222,57,98 110,249,53 222,236,229 74,196,2 82,104,123 212,131,103 164,154,186 114,4,106 116,239,78 130,245,158 108,103,245 7,234,201 243,107,155 233,217,93
98,11,21 104,254,74 73,235,136 139,160,15 2,6,141 151,142,4 8,50,186 247,240,3 248,7,14 64,46,107 170,27,99 163,111,55 76,189,86 167,10,8 114,93,222 99,207,123 184,134,121 226,214,70 167,200,210 43,41,236 225,90,92 191,20,14 252,233,45 128,36,196 59,165,188 189,9,3 252,101,251 77,154,163 131,50,131 108,66,179 192,192,186 157,202,2 125,239,104 255,241,158 93,95,172 105,11,203 202,130,240 105,42,232 108,66,179 133,242,227 99,224,122 160,81,75 78,0,20 222,57,98 252,53,227 145,69,249 78,0,20 212,107,71 51,171,144 2,143,61 193,158,23 240,159,217 240,143,207 111,103,54 49,125,197 1,19,217 214,92,205 221,21,119 129,121,225 2,46,109
101,56,253 16,201,84 141,21,129 10,250,13 16,98,45 73,236,212 146,3,129 38,81,171 207,194,34 239,104,72 231,200,213 196,86,233 85,57,163 31,154,47 82,247,7 220,221,66 243,120,65 207,247,141 84,65,179 222,57,98 116,239,78 49,125,197 186,147,181 172,136,226 200,81,189 191,20,14 60,170,197 143,117,185 130,245,158 133,242,227 139,246,41 248,166,160 39,87,19 17,219,39 187,57,107 68,104,2 229,141,85 184,200,22 131,50,131 111,235,215 224,210,27 13,106,170 212,107,71 110,249,53 97,237,188 128,51,117 160,81,75 13,106,170 196,244,227 6,155,241 68,170,158 159,126,226 220,17,101 148,183,234 186,147,181 208,190,63 55,230,172 184,175,209 196,224,135 18,73,54
224,29,134 216,212,237 75,39,148 76,52,167 230,51,37 8,189,253 167,135,23 102,225,26 173,115,146 76,151,47 15,191,164 128,118,106 22,85,82 186,181,254 233,50,175 74,219,126 34,164,35 46,223,151 97,75,24 78,0,20 114,4,106 111,103,54 148,183,234 49,197,155 13,156,56 252,233,45 21,244,76 157,176,39 1,19,217 99,224,122 179,209,161 58,45,64 232,161,159 173,138,39 229,22,188 207,226,250 130,245,158 1,19,217 208,190,63 151,112,167 50,170,51 225,90,92 163,87,63 95,132,141 23,183,191 8,178,67 99,224,122 224,210,27 89,217,199 185,37,101 97,146,53 32,71,38 116,20,32 49,197,155 172,136,226 151,112,167 41,57,210 108,5,213 129,117,231 55,148,88
179,211,99 249,154,51 37,40,94 47,84,75 146,140,192 165,65,244 175,182,152 108,119,70 223,146,241 82,86,217 146,180,72 31,35,166 189,75,171 41,110,80 236,124,185 29,120,43 0,60,21 241,27,160 106,157,33 160,81,75 164,154,186 240,143,207 220,17,101 116,20,32 125,206,36 128,36,196 181,200,217 76,4,23 208,190,63 160,81,75 30,218,47 225,131,193 24,171,213 6,137,94 148,37,88 232,101,87 116,239,78 49,125,197 186,147,181 172,136,226 200,81,189 191,20,14 60,170,197 143,117,185 93,175,128 158,126,7 133,242,227 111,235,215 49,201,5 133,201,74 5,13,105 122,254,248 125,206,36 13,156,56 200,81,189 50,170,51 74,157,20 99,178,157 27,155,69 5,112,114
216,52,62 131,231,162 62,233,18 143,0,200 214,31,48 199,241,250 123,254,0 84,88,212 224,187,129 45,210,61 193,0,12 202,76,71 40,160,221 217,31,68 9,44,109 186,146,236 249,135,50 62,4,198 49,132,195 99,224,122 212,131,103 240,159,217 159,126,226 32,71,38 122,254,248 59,165,188 77,77,185 234,32,62 151,112,167 78,0,20 183,166,135 179,170,63 30,93,148 12,69,235 159,133,23 86,120,92 114,4,106 111,103,54 148,183,234 49,197,155 13,156,56 252,233,45 21,244,76 157,176,39 254,80,14 159,39,245 108,66,179 131,50,131 77,154,163 252,101,251 189,9,3 59,165,188 128,36,196 252,233,45 191,20,14 225,90,92 65,132,74 222,243,67 193,97,209 136,146,137
91,241,103 41,211,73 129,68,82 156,48,88 190,37,108 92,242,161 236,152,101 175,222,69 4,40,170 124,135,106 5,159,184 230,90,26 133,108,177 102,162,190 243,115,180 149,18,1 16,196,22 22,157,117 16,32,34 133,242,227 82,104,123 193,158,23 68,170,158 97,146,53 5,13,105 189,9,3 41,18,18 207,117,89 50,170,51 222,57,98 17,76,228 136,89,48 217,241,147 115,61,132 157,79,48 113,249,229 164,154,186 240,143,207 220,17,101 116,20,32 125,206,36 128,36,196 181,200,217 76,4,23 169,63,115 44,115,193 105,42,232 184,200,22 132,184,218 140,188,200 41,18,18 77,77,185 181,200,217 21,244,76 60,170,197 163,87,63 235,75,227 57,33,144 123,149,100 14,57,176
98,93,6 183,49,185 174,98,95 124,66,250 112,200,195 119,163,118 186,89,210 212,12,210 121,69,252 113,251,53 67,97,1 253,26,125 90,215,91 163,169,1 81,147,148 221,253,220 167,43,64 154,23,253 63,100,73 108,66,179 74,196,2 2,143,61 6,155,241 185,37,101 133,201,74 252,101,251 140,188,200 166,140,118 225,90,92 70,41,163 235,98,143 20,223,9 183,79,140 16,207,206 10,106,78 219,249,129 212,131,103 240,159,217 159,126,226 32,71,38 122,254,248 59,165,188 77,77,185 234,32,62 0,192,111 3,198,164 202,130,240 229,141,85 119,160,160 166,140,118 207,117,89 234,32,62 76,4,23 157,176,39 143,117,185 95,132,141 53,19,175 128,194,166 72,108,40 31,214,56
96,115,157 169,232,90 51,218,67 222,254,149 43,242,29 107,185,127 99,26,104 251,54,244 104,43,91 43,76,48 191,102,220 131,49,188 10,139,243 72,158,95 50,19,100 191,17,154 232,29,107 9,223,222 73,212,94 105,42,232 222,236,229 51,171,144 196,244,227 89,217,199 49,201,5 77,154,163 132,184,218 119,160,160 163,87,63 238,33,176 52,210,34 186,189,39 79,178,51 0,56,57 47,148,87 215,6,93 82,104,123 222,57,98 116,239,78 49,125,197 186,147,181 172,136,226 200,81,189 191,20,14 60,170,197 143,117,185 130,245,158 95,132,141 163,87,63 225,90,92 50,170,51 151,112,167 208,190,63 1,19,217 130,245,158 61,255,171 9,231,189 113,193,20 136,52,184 30,4,204
121,43,108 98,144,29 57,245,218 224,143,177 82,37,76 192,90,68 252,79,38 193,64,253 102,118,90 185,125,179 202,203,57 131,2,239 182,85,192 116,160,199 146,18,154 234,162,195 220,240,125 84,131,13 223,253,218 202,130,240 110,249,53 212,107,71 13,106,170 224,210,27 111,235,215 131,50,131 184,200,22 222,57,98 116,239,78 49,125,197 186,147,181 172,136,226 200,81,189 191,20,14 60,170,197 143,117,185 130,245,158 78,0,20 114,4,106 111,103,54 148,183,234 49,197,155 13,156,56 252,233,45 21,244,76 157,176,39 1,19,217 220,232,2 198,99,34 6,24,196 166,169,20 98,17,37 145,240,195 66,127,4 204,180,132 5,44,213 248,98,201 249,61,164 16,26,6 38,106,133
202,189,118 233,0,15 165,58,101 112,11,197 151,160,178 33,171,112 52,249,19 89,255,27 80,120,179 195,14,58 155,102,19 252,230,127 199,122,29 235,125,65 6,251,48 126,42,174 201,212,36 6,215,104 127,215,151 31,206,41 13,117,16 105,24,224 4,198,125 229,141,85 184,200,22 131,50,131 111,235,215 78,0,20 114,4,106 111,103,54 148,183,234 49,197,155 13,156,56 252,233,45 21,244,76 157,176,39 1,19,217 160,81,75 164,154,186 240,143,207 220,17,101 116,20,32 125,206,36 128,36,196 181,200,217 76,4,23 208,190,63 54,176,215 205,84,210 52,76,178 193,74,95 62,40,172 44,176,162 113,84,130 55,38,247 141,253,200 182,1,214 2,253,228 197,233,205 73,85,91
149,40,32 17,24,21 100,197,222 71,164,29 108,106,230 181,84,206 237,91,169 161,227,67 203,127,181 7,226,144 202,218,207 163,201,181 201,83,70 29,185,182 231,0,82 251,24,219 151,249,66 221,82,42 209,223,44 207,118,12 87,5,91 238,20,144 237,252,150 119,160,160 132,184,218 77,154,163 49,201,5 160,81,75 164,154,186 240,143,207 220,17,101 116,20,32 125,206,36 128,36,196 181,200,217 76,4,23 208,190,63 99,224,122 212,131,103 240,159,217 159,126,226 32,71,38 122,254,248 59,165,188 77,77,185 234,32,62 151,112,167 161,245,247 60,35,78 124,93,134 244,228,219 198,218,92 202,216,107 47,179,139 63,182,109 110,207,243 43,57,113 98,205,120 83,100,62 48,67,107
247,161,162 88,33,224 136,198,58 53,130,7 71,67,75 235,63,108 117,2,13 190,191,16 73,198,16 254,26,200 1,153,55 44,20,104 208,43,58 94,110,142 44,151,158 2,253,100 122,122,254 191,106,78 206,204,181 36,153,172 202,116,242 120,108,105 175,177,25 166,140,118 140,188,200 252,101,251 133,201,74 99,224,122 212,131,103 240,159,217 159,126,226 32,71,38 122,254,248 59,165,188 77,77,185 234,32,62 151,112,167 133,242,227 82,104,123 193,158,23 68,170,158 97,146,53 5,13,105 189,9,3 41,18,18 207,117,89 50,170,51 225,82,198 232,43,252 116,145,236 151,165,69 45,245,232 103,132,216 75,74,251 165,82,228 67,117,162 213,107,163 218,33,49 31,135,42 23,7,112
168,204,53 135,162,146 38,236,128 112,147,207 49,2,71 110,23,209 249,193,83 239,51,198 80,180,47 46,77,63 94,0,153 70,110,173 42,76,108 89,154,130 238,181,7 187,175,223 10,105,117 34,13,12 144,53,159 111,39,18 129,131,228 60,145,167 178,50,69 207,117,89 41,18,18 189,9,3 5,13,105 133,242,227 82,104,123 193,158,23 68,170,158 97,146,53 5,13,105 189,9,3 41,18,18 207,117,89 50,170,51 108,66,179 74,196,2 2,143,61 6,155,241 185,37,101 133,201,74 252,101,251 140,188,200 166,140,118 225,90,92 208,10,238 98,148,188 208,134,82 129,55,148 155,226,129 247,229,224 54,35,222 233,254,148 222,39,20 53,246,119 48,71,2 255,131,52 228,248,43
185,170,104 185,93,55 219,58,79 72,209,220 134,251,155 76,105,141 195,197,113 232,91,168 88,149,200 109,19,234 15,3,19 75,185,169 18,2,114 129,169,39 218,16,88 86,90,90 167,249,112 45,82,79 73,135,127 200,41,30 234,23,90 209,108,198 218,27,43 234,32,62 77,77,185 59,165,188 122,254,248 108,66,179 74,196,2 2,143,61 6,155,241 185,37,101 133,201,74 252,101,251 140,188,200 166,140,118 225,90,92 105,42,232 222,236,229 51,171,144 196,244,227 89,217,199 49,201,5 77,154,163 132,184,218 119,160,160 163,87,63 110,161,42 91,110,28 89,89,205 35,130,162 142,3,218 181,55,190 36,130,189 42,152,241 85,50,178 223,140,45 64,66,10 179,11,66 161,252,92
181,86,88 255,229,205 4,18,138 72,12,205 36,97,143 185,204,154 168,115,215 236,43,14 250,147,51 127,137,237 130,129,171 46,58,232 80,160,10 107,113,212 119,113,6 99,198,122 191,106,30 164,107,65 51,63,83 167,199,62 80,227,94 229,77,214 141,126,232 76,4,23 181,200,217 128,36,196 125,206,36 105,42,232 222,236,229 51,171,144 196,244,227 89,217,199 49,201,5 77,154,163 132,184,218 119,160,160 163,87,63 202,130,240 110,249,53 212,107,71 13,106,170 224,210,27 111,235,215 131,50,131 184,200,22 229,141,85 95,132,141 246,193,148 64,250,95 82,132,133 19,141,148 7,113,75 207,75,137 136,231,138 91,226,233 153,214,125 142,72,93 145,150,101 84,188,253 235,21,109
129,158,26 174,30,100 93,218,210 1,216,79 80,41,108 177,231,242 154,159,90 45,180,83 73,119,124 88,76,107 32,14,239 180,27,12 29,14,129 59,38,179 246,81,220 68,66,107 52,67,80 63,242,69 160,253,56 126,24,18 187,0,137 4,213,203 114,149,13 157,176,39 21,244,76 252,233,45 13,156,56 202,130,240 110,249,53 212,107,71 13,106,170 224,210,27 111,235,215 131,50,131 184,200,22 229,141,85 95,132,141 209,223,162 119,65,159 132,19,32 16,56,44 66,208,200 56,167,88 33,66,25 240,226,252 211,59,219 32,98,165 45,225,20 62,156,171 19,37,188 176,41,111 247,244,210 176,22,63 63,206,220 205,142,30 104,74,88 41,66,229 53,107,105 194,254,48 46,3,160
179,245,203 5,82,186 131,124,57 183,84,134 213,53,80 85,174,225 219,138,220 61,48,239 181,83,95 217,58,214 235,16,11 13,167,170 57,82,124 254,94,92 178,81,148 9,119,225 109,215,26 200,188,106 159,199,130 160,255,253 60,216,177 12,63,105 81,21,130 143,117,185 60,170,197 191,20,14 200,81,189 172,136,226 186,147,181 49,125,197 116,239,78 18,41,64 17,5,28 47,199,42 14,73,79 247,81,154 41,253,178 93,0,236 78,199,128 188,15,234 201,167,244 32,129,8 50,42,66 107,238,16 56,61,64 222,57,98 116,239,78 49,125,197 186,147,181 172,136,226 200,81,189 191,20,14 60,170,197 143,117,185 130,245,158 222,22,154 118,195,69 131,49,107 181,254,74 68,196,161
132,136,242 45,214,146 204,168,233 83,52,134 81,200,238 249,108,39 107,57,215 14,131,44 203,134,139 162,222,121 224,10,13 54,32,59 251,9,43 214,176,249 65,102,235 247,217,96 216,59,10 147,38,170 12,228,41 96,167,87 240,84,99 62,1,61 233,171,92 95,132,141 163,87,63 225,90,92 50,170,51 151,112,167 208,190,63 1,19,217 130,245,158 102,15,227 119,21,184 189,190,37 154,3,103 253,97,78 181,244,226 134,115,213 45,39,168 89,39,205 169,59,4 133,48,16 106,86,249 202,13,147 166,186,210 78,0,20 114,4,106 111,103,54 148,183,234 49,197,155 13,156,56 252,233,45 21,244,76 157,176,39 1,19,217 166,239,198 177,124,112 145,243,234 154,102,247 56,206,243
201,184,10 212,172,96 92,90,188 104,142,32 169,10,32 53,28,112 126,113,246 169,247,155 179,62,92 165,51,25 50,239,187 238,96,36 58,184,160 103,40,230 53,128,17 59,94,22 143,99,159 74,105,100 115,100,244 159,207,235 247,130,24 198,180,184 141,244,80 1,220,116 58,3,78 119,74,34 108,144,245 170,125,74 155,61,19 241,95,157 122,34,225 233,19,30 208,246,90 118,178,19 222,241,139 162,240,179 12,29,123 169,169,132 53,5,95 130,245,158 1,19,217 208,190,63 151,112,167 50,170,51 225,90,92 160,81,75 164,154,186 240,143,207 220,17,101 116,20,32 125,206,36 128,36,196 181,200,217 76,4,23 208,190,63 207,117,89 166,140,118 119,160,160 229,141,85 202,130,240
137,159,228 104,197,46 76,16,244 252,231,206 146,113,159 34,218,78 32,126,34 247,61,26 133,124,238 153,74,29 33,33,149 111,191,41 162,101,38 92,235,149 159,241,183 84,65,158 213,40,123 51,142,60 209,119,113 187,3,80 162,171,52 16,123,77 142,52,242 200,37,86 5,100,70 11,194,196 233,158,16 241,128,135 74,209,178 230,112,222 39,217,235 114,100,50 101,63,213 251,8,29 123,251,128 249,41,222 45,85,155 180,28,212 95,51,216 116,239,78 49,125,197 186,147,181 172,136,226 200,81,189 191,20,14 99,224,122 212,131,103 240,159,217 159,126,226 32,71,38 122,254,248 59,165,188 77,77,185 234,32,62 151,112,167 41,18,18 140,188,200 132,184,218 184,200,22 105,42,232
159,61,237 224,76,191 161,171,52 254,55,19 202,130,240 105,42,232 108,66,179 133,242,227 99,224,122 160,81,75 78,0,20 222,57,98 214,200,131 236,182,21 99,240,106 76,31,83 246,121,28 188,71,197 54,218,11 192,155,182 229,132,91 181,131,48 225,161,153 130,245,158 1,19,217 208,190,63 151,112,167 50,170,51 225,90,92 163,87,63 95,132,141 251,149,15 133,58,73 224,15,125 61,165,252 124,169,120 199,139,134 229,229,59 232,86,99 114,4,106 111,103,54 148,183,234 49,197,155 13,156,56 252,233,45 133,242,227 82,104,123 193,158,23 68,170,158 97,146,53 5,13,105 189,9,3 41,18,18 207,117,89 50,170,51 189,9,3 252,101,251 77,154,163 131,50,131 108,66,179
123,78,152 206,5,174 231,67,199 194,246,58 229,141,85 184,200,22 131,50,131 111,235,215 224,210,27 13,106,170 212,107,71 110,249,53 234,83,6 31,245,88 150,105,139 114,6,218 179,84,252 150,78,134 224,42,200 182,166,220 179,16,58 14,155,64 97,140,239 116,239,78 49,125,197 186,147,181 172,136,226 200,81,189 191,20,14 60,170,197 143,117,185 140,188,115 93,145,144 30,111,145 216,113,189 115,22,105 72,236,174 233,253,169 109,83,135 164,154,186 240,143,207 220,17,101 116,20,32 125,206,36 128,36,196 108,66,179 74,196,2 2,143,61 6,155,241 185,37,101 133,201,74 252,101,251 140,188,200 166,140,118 225,90,92 5,13,105 133,201,74 49,201,5 111,235,215 133,242,227
84,140,5 137,157,0 61,70,134 6,116,76 119,160,160 132,184,218 77,154,163 49,201,5 89,217,199 196,244,227 51,171,144 222,236,229 160,254,90 147,133,59 25,57,164 156,252,7 43,138,145 67,218,130 59,23,63 205,141,93 240,188,2 126,184,62 124,53,106 114,4,106 111,103,54 148,183,234 49,197,155 13,156,56 252,233,45 21,244,76 157,176,39 118,222,39 160,116,55 203,215,12 60,228,94 159,250,87 21,23,145 253,142,141 43,203,230 212,131,103 240,159,217 159,126,226 32,71,38 122,254,248 59,165,188 105,42,232 222,236,229 51,171,144 196,244,227 89,217,199 49,201,5 77,154,163 132,184,218 119,160,160 163,87,63 97,146,53 185,37,101 89,217,199 224,210,27 99,224,122
101,15,98 233,213,195 62,154,174 182,104,243 166,140,118 140,188,200 252,101,251 133,201,74 185,37,101 6,155,241 2,143,61 74,196,2 178,83,7 231,43,167 208,158,142 78,174,23 239,45,165 159,61,175 77,157,182 87,173,7 252,116,88 239,88,59 69,188,132 164,154,186 240,143,207 220,17,101 116,20,32 125,206,36 128,36,196 181,200,217 76,4,23 244,178,15 12,87,65 224,120,90 119,207,158 218,239,145 23,254,228 223,197,250 26,140,80 82,104,123 193,158,23 68,170,158 97,146,53 5,13,105 189,9,3 202,130,240 110,249,53 212,107,71 13,106,170 224,210,27 111,235,215 131,50,131 184,200,22 229,141,85 95,132,141 68,170,158 6,155,241 196,244,227 13,106,170 160,81,75
113,43,111 31,93,231 121,143,230 225,34,210 207,117,89 41,18,18 189,9,3 5,13,105 97,146,53 68,170,158 193,158,23 82,104,123 134,156,207 225,146,34 159,234,67 107,105,167 221,189,206 123,58,102 160,226,44 185,93,123 218,166,60 65,107,18 182,66,120 212,131,103 240,159,217 159,126,226 32,71,38 122,254,248 59,165,188 77,77,185 234,32,62 214,174,233 201,152,141 238,112,210 35,103,80 28,38,50 207,1,251 125,104,105 60,253,38 74,196,2 2,143,61 6,155,241 185,37,101 133,201,74 252,101,251 140,188,200 166,140,118 134,183,129 146,31,245 231,172,136 1,19,217 49,125,197 111,103,54 240,143,207 240,159,217 193,158,23 2,143,61 51,171,144 212,107,71 78,0,20
182,41,248 22,55,41 186,3,16 28,239,253 234,32,62 77,77,185 59,165,188 122,254,248 32,71,38 159,126,226 240,159,217 212,131,103 97,67,83 205,30,227 238,221,92 116,125,5 62,105,7 17,159,203 26,188,245 69,64,64 104,133,54 171,137,100 53,5,133 82,104,123 193,158,23 68,170,158 97,146,53 5,13,105 189,9,3 41,18,18 207,117,89 120,185,173 127,7,131 24,130,163 66,103,207 60,104,181 134,58,152 141,71,54 20,243,54 222,236,229 51,171,144 196,244,227 89,217,199 49,201,5 77,154,163 132,184,218 119,160,160 91,135,189 116,162,191 212,146,61 130,245,158 116,239,78 114,4,106 164,154,186 212,131,103 82,104,123 74,196,2 222,236,229 110,249,53 222,57,98
99,0,61 7,38,211 232,29,193 39,105,80 76,4,23 181,200,217 128,36,196 125,206,36 116,20,32 220,17,101 240,143,207 164,154,186 172,15,150 51,96,31 196,199,189 0,55,95 145,17,255 198,115,31 9,181,111 73,152,71 225,57,32 91,118,45 206,128,182 74,196,2 2,143,61 6,155,241 185,37,101 133,201,74 252,101,251 140,188,200 166,140,118 157,102,14 136,77,108 157,196,103 233,115,33 114,46,74 35,163,77 245,149,211 5,16,176 110,249,53 212,107,71 13,106,170 224,210,27 111,235,215 131,50,131 184,200,22 229,141,85 247,115,160 189,141,20 153,228,152 249,137,66 105,141,67 62,233,3 81,97,28 72,5,82 197,131,5 233,160,99 13,67,223 112,206,83 147,170,175
102,16,74 169,25,202 162,59,14 57,62,4 157,176,39 21,244,76 252,233,45 13,156,56 49,197,155 148,183,234 111,103,54 114,4,106 118,139,254 171,48,9 114,166,157 58,119,80 132,177,254 195,13,25 150,85,175 7,16,40 100,220,176 114,100,176 51,176,250 222,236,229 51,171,144 196,244,227 89,217,199 49,201,5 77,154,163 132,184,218 119,160,160 203,51,217 94,233,173 136,21,23 228,131,34 140,180,53 232,201,165 199,101,97 42,249,101 222,57,98 78,0,20 160,81,75 99,224,122 133,242,227 108,66,179 105,42,232 202,130,240 234,60,80 253,21,7 228,143,76 240,102,157 160,128,109 146,96,251 119,8,130 145,18,101 83,12,3 29,53,204 104,27,238 107,193,51 34,231,145
179,107,152 38,157,126 44,155,69 114,237,4 143,117,185 60,170,197 191,20,14 200,81,189 172,136,226 186,147,181 49,125,197 116,239,78 132,192,53 240,205,254 183,128,14 247,165,223 92,224,128 166,53,243 194,96,146 111,230,149 115,236,29 66,217,81 236,247,97 110,249,53 212,107,71 13,106,170 224,210,27 111,235,215 131,50,131 184,200,22 229,141,85 74,231,147 182,174,64 202,62,223 21,65,187 201,227,12 18,48,41 11,253,87 235,196,247 67,68,153 115,125,176 87,220,147 173,89,220 72,106,34 21,226,181 1,17,182 173,184,177 18,162,46 208,49,102 218,255,57 237,80,198 120,155,203 56,141,214 102,25,130 200,108,152 158,66,102 4,148,137 58,223,95 187,141,249 9,118,119
230,224,65 122,194,9 111,61,193 113,93,95 95,132,141 163,87,63 225,90,92 50,170,51 151,112,167 208,190,63 1,19,217 130,245,158 77,248,192 26,213,148 183,128,124 85,162,209 59,85,188 219,201,75 5,213,127 121,239,137 14,12,60 249,123,149 172,228,100 222,57,98 78,0,20 160,81,75 99,224,122 133,242,227 108,66,179 105,42,232 202,130,240 19,152,4 9,141,23 39,103,60 180,107,78 92,157,109 25,74,132 235,15,105 178,226,154 205,125,227 23,91,35 170,13,124 179,129,99 102,208,96 23,155,222 86,93,249 178,145,248 47,25,193 38,73,10 45,83,175 216,185,142 244,76,170 72,105,141 135,15,120 251,79,227 139,13,110 94,199,105 3,182,232 109,218,3 176,201,66